        0.0288714939
       -0.0254413998
        0.0394264112
        0.0173917274
       -0.0051326453
        0.0168978487
        0.0473920110
       -0.0172862106
        0.0080366564
       -0.0012692599
       -0.0472159477
        0.0428293909
        0.0234125733
       -0.0052875872
        0.0124261653
        0.0436585778
       -0.0388419774
       -0.0495704984
       -0.0004065274
       -0.0336740626
       -0.0250360711
        0.0382917605
        0.0307692948
       -0.0199748609
       -0.0337038657
       -0.0443607153
        0.0053348630
        0.0111660415
        0.0208504527
        0.0394862200
        0.0418060270
        0.0161020565
       -0.0024628302
       -0.0018329994
       -0.0050628659
       -0.0124306783
       -0.0084344343
        0.0139272110
       -0.0118904781
       -0.0409896813
       -0.0113412853
        0.0311926534
       -0.0403087248
        0.0331174211
       -0.0261092074
        0.0241508486
       -0.0395281705
       -0.0418866769
       -0.0405789096
        0.0479870246
        0.0215184617
       -0.0169499232
       -0.0294745637
       -0.0381641044
        0.0094111533
       -0.0475941216
        0.0453510821
       -0.0196810042
        0.0358414837
        0.0349717923
       -0.0235326451
        0.0471137923
       -0.0135407226
       -0.0466765862
        0.0335414809
        0.0304886543
        0.0159386430
        0.0214331617
        0.0075749414
        0.0489506664
       -0.0121270110
       -0.0285182179
        0.0465775469
       -0.0210243606
       -0.0444975754
        0.0212782178
        0.0312375950
        0.0363802554
        0.0452618643
       -0.0444058997
        0.0227031750
       -0.0419903459
        0.0109525534
        0.0248936203
        0.0240461696
       -0.0302112500
        0.0129009340
       -0.0185217351
       -0.0431898987
       -0.0407252978
        0.0491284035
       -0.0291346906
        0.0414358761
        0.0053231242
       -0.0310560328
       -0.0154950222
       -0.0080540548
       -0.0064066331
       -0.0481889562
        0.0323542791
       -0.0401660486
        0.0369688811
       -0.0343157829
        0.0332421968
        0.0222602210
       -0.0053859942
        0.0111227719
        0.0105932517
       -0.0344745734
       -0.0120092505
        0.0037693988
        0.0042712375
       -0.0410301835
       -0.0081677400
        0.0109595186
        0.0182392351
       -0.0375254742
        0.0170906416
       -0.0373815225
       -0.0058173215
       -0.0211836612
        0.0428071282
        0.0396913360
       -0.0248092543
       -0.0324708478
        0.0258106736
        0.0140711808
       -0.0002897289
        0.0179162006
        0.0254996905
        0.0180292498
       -0.0123368915
        0.0284325102
        0.0381159879
       -0.0404946011
       -0.0357174485
       -0.0239969575
        0.0257056397
        0.0198521487
        0.0059790240
       -0.0177585664
        0.0143170206
        0.0146526140
       -0.0302076858
        0.0127491093
       -0.0007356374
        0.0357160744
       -0.0432171324
        0.0344492896
       -0.0336357920
        0.0449024892
        0.0250996425
       -0.0373143547
       -0.0394245257
       -0.0472715802
       -0.0207890362
        0.0328902333
       -0.0150552660
        0.0347692128
       -0.0237473897
       -0.0154328069
       -0.0224289138
       -0.0495628427
        0.0179518060
        0.0310137132
       -0.0301101444
       -0.0160714849
       -0.0483075300
        0.0359574952
       -0.0406342281
       -0.0186089754
       -0.0004619674
       -0.0301741101
        0.0156136478
        0.0107245902
       -0.0110373747
        0.0257008826
        0.0178564622
       -0.0024278755
       -0.0337089578
        0.0269771991
       -0.0013504923
       -0.0488626926
       -0.0311929410
       -0.0454670468
        0.0132120075
       -0.0348315931
       -0.0098230236
        0.0075491344
       -0.0473806367
       -0.0082514225
       -0.0132003489
       -0.0029289111
       -0.0191007403
        0.0328081899
        0.0245436663
       -0.0499413467
        0.0079217826
        0.0176719904
        0.0246485267
       -0.0024284415
       -0.0206826052
       -0.0056277356
        0.0440013340
        0.0425388140
       -0.0307455943
       -0.0267871206
        0.0473059906
       -0.0058905591
        0.0181278875
       -0.0125956679
       -0.0263294429
       -0.0478633385
       -0.0229409133
        0.0340308827
       -0.0260089440
        0.0014129678
        0.0437335104
       -0.0030980517
        0.0489136418
       -0.0070216411
       -0.0231010603
        0.0011060729
       -0.0029867068
       -0.0013698676
        0.0328711527
        0.0361845259
        0.0122658064
       -0.0442177771
        0.0348366284
        0.0154535970
       -0.0482510413
       -0.0321984112
       -0.0101993735
       -0.0447741160
       -0.0346024963
       -0.0400534617
        0.0422715996
        0.0263683876
        0.0198194665
       -0.0411749134
       -0.0042328877
        0.0431852602
        0.0237420651
       -0.0131821197
       -0.0057408199
        0.0297679290
        0.0450582928
        0.0132934190
       -0.0000440067
       -0.0103464007
       -0.0247919035
        0.0324923141
       -0.0242617318
       -0.0026278910
       -0.0350596883
       -0.0143961039
       -0.0453518055
       -0.0153413475
       -0.0070470223
        0.0232870265
        0.0311624909
        0.0233890879
       -0.0348660633
        0.0152706901
       -0.0105551567
        0.0443960973
       -0.0063329218
       -0.0066826608
        0.0360388737
       -0.0285828381
        0.0462040379
        0.0054738165
       -0.0166167819
        0.0480789130
        0.0062153270
       -0.0264441129
       -0.0496516284
       -0.0355047413
        0.0457358644
        0.0160117693
       -0.0312583848
        0.0065691235
        0.0013186176
       -0.0357807097
       -0.0043252654
       -0.0013215433
       -0.0330450955
       -0.0259151258
       -0.0047461276
       -0.0292802394
       -0.0056014753
       -0.0347603820
       -0.0370100918
        0.0117621351
        0.0092806931
        0.0141256643
       -0.0265874392
       -0.0013370171
       -0.0167331921
        0.0105672578
       -0.0096261313
        0.0219154778
        0.0241159242
        0.0258084285
       -0.0366393075
        0.0295583375
        0.0327788708
        0.0103693324
        0.0484690531
        0.0007104032
        0.0237869085
        0.0407309714
       -0.0113117652
       -0.0218400540
       -0.0163150333
        0.0367974269
        0.0251080850
        0.0042778785
       -0.0291509843
        0.0401455346
        0.0262956794
        0.0368975748
        0.0483138548
       -0.0499906475
       -0.0433101517
       -0.0497780913
        0.0442015365
        0.0394777598
       -0.0179773176
        0.0249782934
       -0.0207168552
       -0.0233517256
        0.0467136166
       -0.0310962916
       -0.0120689307
       -0.0195631647
        0.0285624209
       -0.0367863520
        0.0286472860
       -0.0486972578
       -0.0335408959
        0.0327843035
        0.0472599587
       -0.0419305146
       -0.0279720561
        0.0162572517
       -0.0272755398
       -0.0386275229
        0.0177590276
       -0.0068346835
        0.0318225641
        0.0381271330
       -0.0054414398
        0.0254107566
        0.0257095078
        0.0058704653
       -0.0283094100
       -0.0091064116
       -0.0242312957
       -0.0123582074
       -0.0361004116
        0.0428476085
        0.0246357183
       -0.0480249496
        0.0389988202
        0.0281563617
        0.0255015585
       -0.0309627902
       -0.0209393490
        0.0283030402
        0.0218203869
        0.0328966624
       -0.0208643688
        0.0321861498
       -0.0490601309
        0.0299219548
       -0.0313060404
       -0.0083075953
       -0.0228968120
       -0.0349078325
        0.0134524678
        0.0213475496
        0.0028087377
       -0.0019760469
       -0.0242038582
        0.0394848898
       -0.0408599359
        0.0219108147
       -0.0390191133
        0.0149839631
        0.0264499417
        0.0185271229
        0.0144834678
       -0.0062951997
       -0.0333202206
       -0.0433867612
       -0.0215351579
        0.0006573511
        0.0222802858
        0.0049766746
       -0.0387676535
       -0.0391196144
        0.0057832331
       -0.0071446292
       -0.0069370903
        0.0427747997
       -0.0337365268
       -0.0211008829
       -0.0486864867
        0.0091020533
       -0.0172870389
        0.0437414061
       -0.0425538697
        0.0133274637
        0.0314981475
        0.0458771774
       -0.0327526267
       -0.0146045316
        0.0144328523
       -0.0246527037
       -0.0103497942
        0.0141599896
       -0.0331495229
        0.0467691488
        0.0229392410
       -0.0241507823
        0.0124534312
       -0.0352149365
       -0.0366374307
        0.0106269615
       -0.0291005229
        0.0059545767
        0.0335937185
       -0.0487936337
       -0.0132364018
        0.0490930298
        0.0133760786
        0.0046089933
       -0.0262259865
       -0.0347033510
        0.0477736854
        0.0233467568
        0.0392648151
        0.0033888053
        0.0433624423
        0.0066710929
        0.0388622222
       -0.0179686199
       -0.0236348356
        0.0256329257
        0.0223563478
       -0.0180856128
        0.0321416838
        0.0333808230
       -0.0049186209
       -0.0475568903
        0.0282061310
        0.0180475335
       -0.0007345438
        0.0327160133
       -0.0285008814
        0.0271566703
       -0.0111706739
        0.0288080437
        0.0295331913
       -0.0408568905
        0.0443317848
        0.0348029285
        0.0134767526
       -0.0068671202
       -0.0306790889
       -0.0098465051
        0.0217652229
       -0.0493944427
        0.0212528613
        0.0494744243
       -0.0407927769
        0.0384542516
        0.0469182584
       -0.0064388418
       -0.0168685066
        0.0171406541
       -0.0376788423
       -0.0338616299
        0.0374264161
       -0.0337677232
       -0.0160343139
       -0.0102302279
       -0.0104741752
       -0.0032461702
        0.0154123205
        0.0015774670
       -0.0118261011
       -0.0235370123
        0.0337282813
       -0.0021091794
       -0.0146948317
        0.0271193526
        0.0046656496
        0.0193644543
        0.0481230741
       -0.0152035913
        0.0423950135
        0.0314522280
       -0.0355994633
        0.0470041478
       -0.0100927177
       -0.0337396813
        0.0206523898
       -0.0048039770
       -0.0025346537
        0.0040088011
       -0.0369193323
       -0.0333987965
       -0.0077631249
       -0.0105289889
        0.0299426871
       -0.0345229110
        0.0212813850
       -0.0310239276
       -0.0168497653
       -0.0410740197
        0.0355432047
        0.0283062091
       -0.0261593819
        0.0403613919
       -0.0430751440
        0.0304616747
        0.0269497774
        0.0036842259
       -0.0393689455
       -0.0035468549
       -0.0463576709
        0.0388119670
       -0.0147406562
       -0.0471881563
       -0.0312293879
        0.0492903072
       -0.0097911166
        0.0237940770
        0.0266454615
       -0.0437221576
       -0.0415708358
        0.0084790168
       -0.0142134343
       -0.0302726024
        0.0430296173
       -0.0214478742
       -0.0458900091
        0.0434617714
        0.0287360190
       -0.0199500088
       -0.0404532993
        0.0242789325
       -0.0041618872
        0.0182341851
        0.0434752830
        0.0079661143
       -0.0096658605
       -0.0047922726
       -0.0355694261
        0.0046438803
       -0.0093994771
        0.0155339651
        0.0160712037
        0.0158830438
       -0.0166429912
       -0.0337228994
       -0.0313412830
       -0.0036234513
        0.0214689963
        0.0279893573
       -0.0265530716
       -0.0236583031
       -0.0423841595
        0.0240272603
       -0.0355003476
       -0.0479168780
        0.0233630990
        0.0119249453
       -0.0190593261
       -0.0140890519
       -0.0421835068
        0.0084000113
       -0.0287143066
       -0.0298546317
        0.0322574367
        0.0420812358
       -0.0208451432
        0.0112514857
       -0.0086381116
       -0.0470109319
       -0.0363785546
        0.0136825930
        0.0378772321
       -0.0484595154
        0.0118375544
       -0.0441608483
       -0.0135843507
       -0.0292463787
        0.0075540855
       -0.0242142484
        0.0161806411
       -0.0387284646
        0.0221342140
       -0.0232795491
       -0.0142438971
       -0.0115357934
       -0.0429420997
       -0.0015570781
       -0.0229062465
       -0.0461373761
       -0.0361996537
        0.0088345401
        0.0124168270
        0.0068948056
        0.0148163523
       -0.0198298146
       -0.0318245230
        0.0043611496
       -0.0155918565
       -0.0044076638
        0.0385356566
        0.0221593326
       -0.0108738585
       -0.0365267968
        0.0406294386
       -0.0331487583
       -0.0143714596
       -0.0147152777
        0.0251569415
       -0.0199011193
       -0.0395540152
        0.0215167771
        0.0261432436
       -0.0004871911
       -0.0349836048
       -0.0436879500
        0.0093993327
       -0.0441230362
       -0.0471204315
        0.0013904802
        0.0198605808
       -0.0450533704
       -0.0448544274
       -0.0146915171
       -0.0371384068
       -0.0340254202
       -0.0473332455
       -0.0047456427
       -0.0425061250
       -0.0189396889
        0.0261740415
        0.0165967032
        0.0281046945
       -0.0347548108
        0.0401410485
        0.0159479590
       -0.0390324169
       -0.0016536652
       -0.0266562687
        0.0460972983
       -0.0214966702
       -0.0400355569
       -0.0297559440
        0.0291181777
        0.0370644093
        0.0196491420
        0.0233068110
        0.0135119157
       -0.0208460134
       -0.0030873064
        0.0033288304
        0.0015201457
        0.0137848401
       -0.0496703829
        0.0314075249
       -0.0244390138
       -0.0135822172
       -0.0125126678
       -0.0239762232
        0.0319044020
        0.0306826896
        0.0048492467
       -0.0349664192
       -0.0425136881
        0.0492714783
       -0.0263862431
       -0.0253129714
       -0.0469964428
       -0.0134951621
        0.0412003711
        0.0352224387
        0.0389009007
       -0.0090524429
       -0.0168313837
        0.0008288405
        0.0211326966
       -0.0396043355
        0.0112812765
        0.0080106102
       -0.0485543446
       -0.0153206516
        0.0048335877
       -0.0414544744
        0.0145463697
        0.0488234535
        0.0327347972
        0.0404599589
       -0.0349536451
       -0.0355122282
       -0.0378023816
       -0.0064912821
       -0.0252427476
        0.0057560081
        0.0261423832
        0.0078210957
        0.0414756886
        0.0495339237
       -0.0130923591
       -0.0426801712
       -0.0145500190
        0.0179590278
       -0.0077905370
       -0.0250147279
       -0.0278466190
        0.0397574818
        0.0155781778
        0.0064928674
       -0.0310918819
       -0.0460728569
        0.0453076935
        0.0168403987
        0.0482621129
        0.0347348891
        0.0055791765
        0.0161196451
       -0.0140868722
        0.0035729349
       -0.0273285191
        0.0100314505
       -0.0405544927
        0.0192061343
        0.0065371821
        0.0315469148
        0.0013717818
       -0.0152098990
       -0.0371980080
       -0.0140463032
       -0.0439799810
        0.0188445556
       -0.0042000219
       -0.0411341535
        0.0058942779
       -0.0025664884
       -0.0125971815
        0.0359997603
       -0.0432750358
        0.0203335533
        0.0289991430
        0.0330060223
       -0.0365763123
       -0.0333130824
        0.0069114181
        0.0055661140
       -0.0124199400
        0.0415847808
       -0.0458995454
        0.0106406962
        0.0246079749
       -0.0471782662
        0.0142142892
        0.0131510939
        0.0164500862
        0.0033081302
        0.0270171154
        0.0218392028
       -0.0066433075
       -0.0301496840
       -0.0396644369
        0.0459669308
       -0.0464170200
       -0.0420274537
        0.0462838336
        0.0359027424
        0.0212225762
       -0.0180579736
        0.0422303824
        0.0155787459
       -0.0151794143
       -0.0336627097
        0.0183634131
       -0.0288195278
        0.0388333071
       -0.0013456253
        0.0057131280
        0.0168136409
       -0.0451659439
       -0.0037957242
        0.0010570594
        0.0318692126
        0.0345949607
       -0.0051305947
        0.0067237823
       -0.0401142762
       -0.0316439490
        0.0409687344
        0.0247623658
        0.0377260928
       -0.0464905426
       -0.0020438426
        0.0212340332
        0.0183985358
       -0.0217845102
       -0.0372102729
        0.0461687219
        0.0317449644
        0.0168047363
       -0.0272003438
       -0.0029175563
       -0.0304992447
       -0.0244290196
       -0.0099197175
       -0.0146567674
       -0.0220705527
       -0.0076941071
       -0.0396881932
        0.0019429143
       -0.0423218962
        0.0164438699
       -0.0053595774
       -0.0321939709
       -0.0126058589
       -0.0447730107
        0.0226812754
        0.0224427010
       -0.0053426828
       -0.0230147202
       -0.0270805359
        0.0146535052
       -0.0499132567
        0.0441106329
        0.0330153398
       -0.0315726639
       -0.0229235418
        0.0006488148
        0.0131669015
       -0.0316131927
       -0.0321172200
        0.0055089128
        0.0176967804
        0.0139849829
        0.0068958422
       -0.0419485265
        0.0104264556
        0.0380840987
       -0.0414510001
        0.0129851129
       -0.0370912865
        0.0391672411
        0.0178695103
       -0.0407636779
        0.0144259906
       -0.0070602014
        0.0420457106
       -0.0016880064
       -0.0170315577
       -0.0090773560
       -0.0018761228
       -0.0020145207
       -0.0276077319
        0.0468892316
       -0.0286476143
       -0.0377922098
        0.0247669562
        0.0398552744
        0.0266013030
        0.0313013933
       -0.0357124327
        0.0104479276
       -0.0261502745
        0.0452396417
       -0.0435659008
       -0.0329769400
       -0.0169524988
       -0.0230100073
        0.0337634453
        0.0137670326
        0.0293946037
       -0.0448926741
        0.0310310738
        0.0441876427
        0.0152411109
        0.0492063618
        0.0426598373
        0.0061358629
       -0.0397940140
        0.0193855438
       -0.0169674194
        0.0175517869
       -0.0110338973
       -0.0413166938
        0.0408324337
        0.0132452696
        0.0223417597
        0.0020764963
        0.0262905742
        0.0066562172
       -0.0222359481
       -0.0175035854
       -0.0242533288
        0.0190898817
       -0.0290693206
       -0.0346192844
       -0.0059759298
        0.0461491723
        0.0483720028
        0.0026366484
       -0.0472408356
       -0.0317474349
        0.0208331009
        0.0347529048
       -0.0058636003
        0.0012430370
        0.0355195952
        0.0446249245
       -0.0452385152
       -0.0184810473
       -0.0018572294
        0.0224988920
       -0.0213220879
        0.0007677172
       -0.0209591292
        0.0049148637
        0.0088626809
       -0.0157377245
        0.0356193873
        0.0154269684
        0.0096036595
        0.0229103015
        0.0365074052
       -0.0279871749
        0.0128207731
       -0.0382447082
       -0.0404913097
       -0.0333113223
        0.0279443696
       -0.0475802019
        0.0126479267
        0.0222484367
        0.0149275444
       -0.0429990734
        0.0431807346
        0.0374759771
       -0.0289963021
       -0.0491253044
        0.0057691822
       -0.0021623417
       -0.0297833652
        0.0033470217
        0.0322796419
       -0.0481306024
       -0.0149182839
        0.0337787767
       -0.0202054472
       -0.0286837612
        0.0153807561
       -0.0317245382
       -0.0462765194
       -0.0002516836
       -0.0157933861
       -0.0162667114
       -0.0210823054
       -0.0123755715
       -0.0269202814
        0.0431542545
       -0.0381396878
       -0.0451522370
       -0.0451139621
        0.0433750518
        0.0091031277
       -0.0223417462
        0.0479597166
        0.0135387124
        0.0453487537
       -0.0065253916
       -0.0048804927
       -0.0471039759
        0.0399673530
       -0.0026791496
       -0.0097056837
        0.0415829289
        0.0202926097
       -0.0414305080
        0.0411705531
        0.0192165286
        0.0240748626
       -0.0237728125
        0.0477807947
        0.0421219049
        0.0424173797
        0.0039729368
       -0.0180072281
       -0.0025763811
       -0.0086295735
        0.0102286320
        0.0061728282
       -0.0386303123
       -0.0211749373
       -0.0072873054
       -0.0240240927
        0.0311043713
       -0.0123473320
        0.0148384958
       -0.0186627002
       -0.0014416244
        0.0399431164
        0.0004890293
       -0.0382823109
       -0.0228267481
        0.0015603641
       -0.0163913532
        0.0401055750
        0.0021791568
       -0.0494339744
        0.0088637908
       -0.0193523944
       -0.0314116488
        0.0355625405
        0.0033344868
       -0.0031311283
        0.0244485801
       -0.0281580471
       -0.0054554388
       -0.0303671641
       -0.0399772637
       -0.0078775755
        0.0443890382
       -0.0143192650
        0.0107264477
        0.0017014831
        0.0488920571
        0.0252666432
       -0.0131249246
       -0.0065273651
       -0.0457288551
       -0.0303863744
       -0.0138203029
       -0.0166289052
        0.0488440409
        0.0499306194
        0.0040944398
        0.0255215150
        0.0254992244
       -0.0407355929
        0.0413635520
        0.0409196748
       -0.0406558373
        0.0319678460
        0.0222993391
        0.0434402731
       -0.0052270446
        0.0341108585
        0.0093072626
       -0.0474078030
        0.0169371761
        0.0071206888
        0.0374452583
       -0.0198035686
        0.0417169498
       -0.0359797138
       -0.0016277151
       -0.0338329148
       -0.0255758535
       -0.0246834228
       -0.0207709302
        0.0490554836
       -0.0163633190
       -0.0330089783
       -0.0152389100
        0.0161258911
        0.0413089147
        0.0421797297
        0.0051214352
       -0.0425722386
       -0.0302998648
       -0.0444043419
        0.0356449573
        0.0319176232
       -0.0392288453
        0.0321593795
        0.0457528768
       -0.0064411537
       -0.0195537716
       -0.0065867342
        0.0223679781
        0.0121222672
       -0.0471653969
       -0.0293082333
       -0.0191874731
       -0.0417664212
        0.0164265787
       -0.0005181427
        0.0437217003
       -0.0054087264
        0.0021517991
        0.0005326116
        0.0180997709
       -0.0059007072
       -0.0312641973
        0.0340077847
        0.0305292956
       -0.0101790377
        0.0113610847
        0.0245880855
       -0.0064869076
       -0.0025035787
        0.0147754856
       -0.0005345676
       -0.0309842994
       -0.0186705724
       -0.0433280518
       -0.0258616282
        0.0485447907
        0.0360312536
        0.0100512041
       -0.0150065152
        0.0245549930
        0.0102025489
       -0.0422383921
       -0.0106945682
        0.0078525421
       -0.0489501579
       -0.0437383939
       -0.0450216543
        0.0146253165
       -0.0131411734
        0.0410660677
       -0.0118018695
        0.0415707413
        0.0193848580
       -0.0449069023
       -0.0291070773
       -0.0169264346
       -0.0063252476
       -0.0377455993
       -0.0116315212
        0.0194449725
       -0.0349232407
       -0.0442144605
       -0.0102662353
       -0.0431916019
       -0.0473732025
        0.0394705614
       -0.0088138896
       -0.0002207035
       -0.0381417191
        0.0142435796
        0.0127632963
        0.0347305890
       -0.0466034243
       -0.0493148831
       -0.0477660500
        0.0043546070
       -0.0389658443
        0.0309433144
        0.0410770471
        0.0131566798
        0.0145225471
        0.0047461160
        0.0001199823
        0.0404144995
       -0.0068250326
        0.0091827450
       -0.0288843232
       -0.0369028427
        0.0040509315
       -0.0080785911
        0.0045744390
        0.0220675430
       -0.0431056901
        0.0447953833
        0.0322113704
        0.0196527370
        0.0232790588
       -0.0282573037
        0.0039658115
        0.0356795074
       -0.0377082536
       -0.0191761763
       -0.0054056359
        0.0362231345
       -0.0036898232
        0.0412185692
       -0.0037142748
        0.0351167102
       -0.0484341771
        0.0382640267
       -0.0256597007
        0.0464573189
       -0.0320150344
        0.0116393498
        0.0412932049
       -0.0097321137
        0.0352748011
        0.0230057897
       -0.0190425448
       -0.0081033527
       -0.0270052664
       -0.0421082824
       -0.0428008731
       -0.0251406639
       -0.0069944941
       -0.0483811268
       -0.0301770120
       -0.0389135591
        0.0365475794
       -0.0387766362
       -0.0027651437
       -0.0264984222
        0.0021786941
       -0.0096038214
        0.0027230230
        0.0300498481
        0.0421829504
       -0.0126877515
       -0.0024841394
       -0.0313286165
        0.0086331511
       -0.0081937676
        0.0467982629
       -0.0080063947
       -0.0355125463
        0.0301381183
       -0.0305810597
       -0.0325745877
       -0.0356040543
       -0.0118787755
        0.0114160668
        0.0214823578
       -0.0325111587
        0.0427967837
        0.0356880842
       -0.0252849541
       -0.0406167283
        0.0280134949
       -0.0067313529
       -0.0098612104
        0.0148196326
       -0.0021553749
       -0.0342978493
       -0.0184078655
        0.0130301989
       -0.0347920600
        0.0045887795
        0.0015166155
        0.0411983488
       -0.0309860925
       -0.0390130867
       -0.0255675600
       -0.0288791106
       -0.0028102060
        0.0314158713
       -0.0073616775
        0.0221508774
        0.0012011540
       -0.0291361786
        0.0461091328
       -0.0153158270
        0.0159737673
       -0.0114332135
       -0.0047589394
        0.0038151253
       -0.0381506447
       -0.0163169884
       -0.0237464319
       -0.0096951047
        0.0420271547
       -0.0037646686
        0.0104122496
        0.0172646915
       -0.0428809470
       -0.0378456888
       -0.0113084497
       -0.0488694174
        0.0078140256
        0.0255420017
       -0.0089988844
       -0.0033971391
        0.0481240821
       -0.0014902288
       -0.0354421516
        0.0492733327
       -0.0102488968
        0.0318534335
       -0.0240139038
        0.0022331122
       -0.0177475609
        0.0462886227
       -0.0096371655
        0.0062578134
        0.0361308195
        0.0194179896
        0.0336567734
       -0.0124528931
        0.0346718905
       -0.0221437574
        0.0454357785
       -0.0268035272
       -0.0415419995
       -0.0056973098
        0.0146374499
        0.0093975691
       -0.0054362567
        0.0193165116
       -0.0397719359
        0.0072699615
       -0.0352690986
        0.0135893273
       -0.0142763760
        0.0215977239
        0.0252536556
       -0.0463979964
        0.0218608820
        0.0321705446
        0.0084570416
       -0.0438283471
        0.0459031458
       -0.0430858825
        0.0325919233
        0.0222229660
        0.0127200024
        0.0159379202
        0.0179866037
       -0.0289912275
       -0.0389962575
        0.0131453635
        0.0081551440
       -0.0333060456
        0.0415374552
       -0.0150610049
        0.0388333669
       -0.0035131148
       -0.0132402531
        0.0246796298
       -0.0080045996
       -0.0089310432
        0.0476937378
       -0.0414013543
        0.0235231650
       -0.0034769912
       -0.0407413432
       -0.0188972114
       -0.0155943551
        0.0070365426
        0.0009712982
       -0.0463680002
        0.0238635959
        0.0454930037
        0.0399363411
       -0.0458066719
        0.0012732519
        0.0236494363
       -0.0255945688
        0.0462509503
        0.0015594488
       -0.0342343014
        0.0091630864
        0.0431886759
        0.0303296746
       -0.0182777767
       -0.0382271480
       -0.0230843711
       -0.0004420123
       -0.0457021154
       -0.0204380375
       -0.0270438757
        0.0136565094
       -0.0036273955
        0.0489195832
        0.0288880995
        0.0076695896
        0.0200624847
       -0.0040325210
        0.0279915253
        0.0155895891
       -0.0428806232
        0.0438253689
       -0.0348459375
        0.0251333385
       -0.0081360634
        0.0483741778
        0.0336974076
        0.0367362721
       -0.0394142039
       -0.0016396772
        0.0204221700
       -0.0268361553
        0.0231270586
        0.0477036570
        0.0379485841
       -0.0361683706
       -0.0398781428
       -0.0146814394
        0.0293905262
       -0.0244644022
       -0.0019189568
       -0.0081552269
       -0.0151053182
       -0.0235251736
       -0.0411201772
        0.0180169302
       -0.0241335467
       -0.0019084048
       -0.0397425447
       -0.0095460907
        0.0112201470
        0.0184364414
       -0.0429344929
       -0.0061644978
        0.0117492764
        0.0090871160
        0.0276639642
        0.0230975151
        0.0290324070
        0.0349635098
        0.0049171451
       -0.0232595765
       -0.0359556792
       -0.0320072911
        0.0220256000
        0.0274240786
       -0.0056171770
       -0.0069985004
       -0.0423315762
       -0.0087063161
        0.0081753065
        0.0490004747
       -0.0176398470
       -0.0301929283
       -0.0118844554
       -0.0499642868
        0.0427806996
       -0.0139999301
        0.0282586954
        0.0051067694
       -0.0421476499
       -0.0064491301
        0.0464347852
       -0.0173082134
       -0.0248381938
       -0.0137972979
        0.0257428091
       -0.0292022994
       -0.0123553443
        0.0112699613
        0.0258091839
       -0.0296204801
        0.0224974437
        0.0359793325
       -0.0346241847
        0.0402472046
       -0.0151741008
        0.0077734017
       -0.0005543091
       -0.0381188882
        0.0383396946
        0.0085451360
       -0.0353309949
       -0.0213595761
        0.0258488999
        0.0314748865
       -0.0457855075
        0.0232039940
        0.0361201794
        0.0435066237
        0.0285463257
        0.0332143656
        0.0038487167
        0.0216139903
       -0.0223986157
        0.0249556128
       -0.0174724564
        0.0234301930
       -0.0356929637
        0.0049345686
       -0.0157829649
        0.0493234824
       -0.0409635277
       -0.0404742280
        0.0053115248
       -0.0343134394
        0.0235341181
       -0.0073707682
        0.0016945189
        0.0058068385
        0.0323823018
        0.0342907534
        0.0250318299
        0.0081827974
       -0.0453926800
       -0.0188187459
       -0.0103082795
       -0.0309816460
       -0.0386833695
        0.0186669416
        0.0210356145
       -0.0019244053
       -0.0294069323
        0.0246978332
       -0.0029785492
        0.0046734832
       -0.0075438814
        0.0009507678
       -0.0491615355
        0.0228675001
       -0.0372015814
        0.0182144914
        0.0467490809
       -0.0361464063
        0.0311647136
       -0.0109860333
       -0.0133505020
        0.0473354624
       -0.0367249523
       -0.0112968240
        0.0372362218
       -0.0122044119
       -0.0342502304
        0.0221047248
        0.0416725730
        0.0035145370
        0.0481743492
        0.0191637506
       -0.0079943782
        0.0339172339
        0.0123932609
       -0.0038592485
       -0.0178925177
       -0.0393210460
       -0.0307588705
        0.0265110495
       -0.0193002552
       -0.0037585584
        0.0441633946
        0.0008102381
        0.0325105527
       -0.0340831657
       -0.0275658337
        0.0456313758
       -0.0448914001
       -0.0169037311
        0.0252554400
        0.0331857629
       -0.0148886893
       -0.0189183838
        0.0240157814
        0.0346750934
       -0.0145727977
        0.0269137945
       -0.0110238270
        0.0450335268
        0.0228087846
       -0.0252702550
       -0.0430003297
       -0.0035428651
        0.0199774991
       -0.0396679555
        0.0459482358
       -0.0001667278
       -0.0366147740
       -0.0316054366
       -0.0256890880
        0.0031426975
       -0.0124579243
       -0.0162680715
        0.0093911777
        0.0117166284
        0.0035787912
       -0.0293260082
       -0.0319941338
       -0.0476141616
        0.0096320507
        0.0289948593
       -0.0356276615
        0.0222245415
        0.0497877407
        0.0335856367
       -0.0108647645
        0.0148163409
        0.0338357742
       -0.0315268763
        0.0441518309
        0.0227593064
       -0.0143895534
        0.0306240149
       -0.0341532476
       -0.0327629999
       -0.0051404811
       -0.0369760753
       -0.0063212483
        0.0122032718
       -0.0080372325
       -0.0059492547
        0.0354829458
        0.0390588412
        0.0223798192
        0.0080509154
        0.0124000176
       -0.0136964910
       -0.0250908578
       -0.0174188619
       -0.0271062013
        0.0119591809
       -0.0150070203
       -0.0039991771
        0.0176936034
        0.0418816714
        0.0242695106
       -0.0277783906
        0.0224139363
       -0.0396194835
        0.0166511937
        0.0320353948
       -0.0181098766
        0.0315517480
       -0.0463751159
        0.0166744710
       -0.0313417115
        0.0144729417
       -0.0488534918
       -0.0055779123
        0.0321937406
       -0.0321116476
       -0.0268281986
        0.0424851031
        0.0316730272
       -0.0144710756
       -0.0145482834
       -0.0416374896
        0.0046667577
       -0.0395593593
       -0.0092761263
       -0.0249863547
        0.0258505767
        0.0016660298
        0.0393481426
        0.0390927362
        0.0010925263
        0.0013443397
       -0.0307247024
       -0.0442315656
       -0.0115348558
       -0.0260474393
       -0.0249283560
       -0.0150545905
        0.0194637659
        0.0439519820
       -0.0019647904
       -0.0381114233
        0.0377573833
       -0.0200722724
       -0.0084652150
       -0.0320908275
        0.0490036757
       -0.0338298328
       -0.0294347978
       -0.0261149928
       -0.0195874661
        0.0309571102
       -0.0114524610
        0.0284798684
       -0.0318557709
        0.0208737497
       -0.0495345217
       -0.0194252228
        0.0413351876
       -0.0256777347
        0.0357695535
       -0.0336271601
        0.0032750640
        0.0477200435
       -0.0185982990
       -0.0239980098
        0.0402843995
        0.0161787582
       -0.0379649033
        0.0119314284
        0.0209551503
       -0.0438923910
       -0.0022663412
        0.0407569175
       -0.0169317402
       -0.0444725754
       -0.0046298225
        0.0195319120
       -0.0044250625
        0.0327543917
        0.0140094522
        0.0122030301
        0.0408899747
       -0.0495040896
        0.0205236512
        0.0493081095
        0.0183722465
        0.0296556053
        0.0455667933
       -0.0324319405
       -0.0284859953
        0.0072487671
        0.0212778317
        0.0038027161
       -0.0019862961
       -0.0493613196
        0.0271400921
        0.0316463678
        0.0486592811
       -0.0141483464
       -0.0245448172
        0.0335135469
        0.0165437322
        0.0422654841
        0.0232088960
       -0.0015180841
        0.0295620371
       -0.0102734717
       -0.0064972381
        0.0326777853
       -0.0330555729
       -0.0106267480
        0.0340406133
       -0.0066813950
       -0.0376080490
        0.0167608347
        0.0159341603
       -0.0062767247
       -0.0365028304
        0.0281197179
        0.0220104232
       -0.0010851187
       -0.0134054897
        0.0494326397
       -0.0400332872
       -0.0341018519
        0.0120854099
        0.0262386066
        0.0175021131
        0.0123320421
       -0.0175898013
        0.0184573251
        0.0461985211
       -0.0211874507
        0.0304098739
        0.0164612880
        0.0355178830
       -0.0091649698
        0.0262897998
       -0.0370380235
       -0.0177915147
        0.0487322285
        0.0352984132
       -0.0493322540
        0.0000947734
        0.0112531317
        0.0415289668
        0.0153505247
       -0.0436056736
       -0.0305703728
       -0.0042504246
        0.0110439304
       -0.0484915035
       -0.0280068358
       -0.0382174951
        0.0048504433
       -0.0264789810
        0.0119168507
       -0.0480113180
       -0.0231559519
        0.0397563760
        0.0130633419
       -0.0496608924
       -0.0246459587
       -0.0005267865
        0.0118464014
       -0.0151737873
        0.0361994489
        0.0405323965
        0.0454658619
       -0.0013514567
       -0.0126919970
        0.0352787021
       -0.0345440269
        0.0362272794
        0.0493731136
       -0.0488388747
       -0.0015230091
       -0.0445948818
        0.0142075724
       -0.0108795597
       -0.0377794289
        0.0045702366
        0.0110461371
        0.0196036251
        0.0050334601
       -0.0143112690
       -0.0220283750
        0.0036759146
        0.0174254229
       -0.0221094099
       -0.0372925556
        0.0106451619
        0.0321626374
       -0.0479681402
        0.0037050584
        0.0180190858
        0.0022277897
       -0.0494805654
        0.0338714255
       -0.0318511619
       -0.0138944275
       -0.0230501387
       -0.0484526832
       -0.0037399340
        0.0377269953
        0.0205656251
        0.0067023370
       -0.0287650565
        0.0179989997
       -0.0497298739
       -0.0289938659
        0.0285345371
        0.0448252526
        0.0229614723
       -0.0399607951
       -0.0429644283
        0.0499115977
        0.0171012251
        0.0485425227
       -0.0159722987
        0.0480112747
        0.0376290965
        0.0316059886
       -0.0173658372
        0.0081527237
        0.0162044376
        0.0097850184
       -0.0403895479
       -0.0109722393
        0.0362480070
       -0.0364354424
       -0.0081626066
       -0.0065452895
       -0.0163440022
       -0.0159618401
       -0.0141747893
       -0.0388814373
        0.0420543132
       -0.0497506782
        0.0225051526
       -0.0178347833
       -0.0203043788
        0.0300478087
       -0.0250081372
        0.0193740475
       -0.0198055728
        0.0420000258
       -0.0467317105
       -0.0147733024
        0.0474688780
        0.0143745646
       -0.0079487519
        0.0349041544
        0.0146461841
        0.0145966674
        0.0180126667
       -0.0108166250
       -0.0211149578
        0.0239507415
       -0.0420871815
        0.0134200604
       -0.0047351546
       -0.0275034787
        0.0401221339
       -0.0484006442
       -0.0470499114
       -0.0066979595
        0.0011156388
       -0.0057515486
        0.0480490197
        0.0307303395
        0.0409748952
        0.0447650397
        0.0430992348
       -0.0487018391
        0.0402993546
       -0.0451804927
       -0.0120819569
       -0.0131120404
        0.0422501428
       -0.0311912119
        0.0269264291
        0.0400218378
        0.0248366936
        0.0336922916
       -0.0090712690
        0.0149580088
        0.0083469409
       -0.0283739248
       -0.0168386573
        0.0144735365
       -0.0268823714
       -0.0267999832
       -0.0193290923
       -0.0189266201
        0.0121983396
        0.0185755130
       -0.0088203035
       -0.0368698130
       -0.0178422662
        0.0215798387
        0.0162739564
       -0.0067734573
       -0.0176348143
       -0.0180488902
       -0.0050429828
        0.0058872420
        0.0347243675
       -0.0212356651
        0.0087742960
        0.0068867849
       -0.0357358255
        0.0131602257
        0.0021690374
        0.0346811484
        0.0180679921
        0.0233039974
        0.0468225699
       -0.0224038594
        0.0131917243
        0.0417579205
       -0.0011674866
        0.0497397129
        0.0296025577
        0.0078945310
       -0.0256242471
        0.0480168667
        0.0064523748
        0.0307438863
        0.0434743755
       -0.0122884134
       -0.0466439305
        0.0214330049
       -0.0334654064
       -0.0419287605
        0.0101204654
       -0.0390723370
        0.0080311272
        0.0375550507
        0.0036119003
        0.0249450503
       -0.0365702189
        0.0437812130
       -0.0072436503
       -0.0359565725
        0.0036986323
        0.0226460978
       -0.0157905613
       -0.0437179028
       -0.0228971653
        0.0393388403
        0.0308223744
       -0.0287400727
       -0.0479101386
       -0.0313074011
        0.0401770383
       -0.0387972451
       -0.0172099254
       -0.0095601404
       -0.0497492415
        0.0249192407
       -0.0452335571
       -0.0029840760
        0.0292103410
       -0.0373927525
       -0.0134326837
       -0.0275033922
        0.0386267156
        0.0470673230
        0.0066954987
        0.0250000004
        0.0250000004
        0.0250000004
        0.0250000004
        0.0250000004
        0.0250000004
        0.0250000004
        0.0250000004
        0.0250000004
        0.0250000004
        0.0250000004
        0.0250000004
        0.0250000004
        0.0250000004
        0.0250000004
        0.0250000004
        0.0250000004
        0.0250000004
        0.0250000004
        0.0250000004
        0.0250000004
        0.0250000004
        0.0250000004
        0.0250000004
        0.0250000004
        0.0250000004
        0.0250000004
        0.0250000004
        0.0250000004
        0.0250000004
        0.0250000004
        0.0250000004
        0.0250000004
        0.0250000004
        0.0250000004
        0.0250000004
        0.0250000004
        0.0250000004
        0.0250000004
        0.0250000004
        0.0250000004
        0.0250000004
        0.0250000004
        0.0250000004
        0.0250000004
        0.0250000004
        0.0250000004
        0.0250000004
        0.0250000004
        0.0250000004
        0.0250000004
        0.0250000004
        0.0250000004
        0.0250000004
        0.0250000004
        0.0250000004
        0.0250000004
        0.0250000004
        0.0250000004
        0.0250000004
        0.0250000004
        0.0250000004
        0.0250000004
        0.0250000004
        0.0250000004
        0.0250000004
        0.0250000004
        0.0250000004
        0.0250000004
        0.0250000004
        0.0250000004
        0.0250000004
        0.0250000004
        0.0250000004
        0.0250000004
        0.0250000004
        0.0250000004
        0.0250000004
        0.0250000004
        0.0250000004
        0.0250000004
        0.0250000004
        0.0250000004
        0.0250000004
        0.0250000004
        0.0250000004
        0.0250000004
        0.0250000004
        0.0250000004
        0.0250000004
        0.0250000004
        0.0250000004
        0.0250000004
        0.0250000004
        0.0250000004
        0.0250000004
        0.0250000004
        0.0250000004
        0.0250000004
        0.0250000004
        0.0250000004
        0.0250000004
        0.0250000004
        0.0250000004
        0.0250000004
        0.0250000004
        0.0250000004
        0.0250000004
        0.0250000004
        0.0250000004
        0.0250000004
        0.0250000004
        0.0250000004
        0.0250000004
        0.0250000004
        0.0250000004
        0.0250000004
        0.0250000004
        0.0250000004
        0.0250000004
        0.0250000004
        0.0250000004
        0.0250000004
        0.0250000004
        0.0250000004
        0.0250000004
        0.0250000004
        0.0250000004
        0.0250000004
        0.0250000004
        0.0250000004
        0.0250000004
        0.0250000004
        0.0250000004
        0.0250000004
        0.0250000004
        0.0250000004
        0.0250000004
        0.0250000004
        0.0250000004
        0.0250000004
        0.0250000004
        0.0250000004
        0.0250000004
        0.0250000004
        0.0250000004
        0.0250000004
        0.0250000004
        0.0250000004
        0.0250000004
        0.0250000004
        0.0250000004
        0.0250000004
        0.0250000004
        0.0250000004
        0.0250000004
        0.0250000004
        0.0250000004
        0.0250000004
        0.0250000004
        0.0250000004
        0.0250000004
        0.0250000004
        0.0250000004
        0.0250000004
        0.0250000004
        0.0250000004
        0.0250000004
        0.0250000004
        0.0250000004
        0.0250000004
        0.0250000004
        0.0250000004
        0.0250000004
        0.0250000004
        0.0250000004
        0.0250000004
        0.0250000004
        0.0250000004
        0.0250000004
        0.0250000004
        0.0250000004
        0.0250000004
        0.0250000004
        0.0250000004
        0.0250000004
        0.0250000004
        0.0250000004
        0.0250000004
        0.0250000004
        0.0250000004
        0.0250000004
        0.0250000004
        0.0250000004
        0.0250000004
        0.0250000004
        0.0250000004
        0.0250000004
        0.0250000004
        0.0250000004
        0.0250000004
        0.0250000004
        0.0250000004
        0.0250000004
        0.0250000004
        0.0250000004
        0.0250000004
        0.0250000004
        0.0250000004
        0.0250000004
        0.0250000004
        0.0250000004
        0.0250000004
        0.0250000004
        0.0250000004
        0.0250000004
        0.0250000004
        0.0250000004
        0.0250000004
        0.0250000004
        0.0250000004
        0.0250000004
        0.0250000004
        0.0250000004
        0.0250000004
        0.0250000004
        0.0250000004
        0.0250000004
        0.0250000004
        0.0250000004
        0.0250000004
        0.0250000004
        0.0250000004
        0.0250000004
        0.0250000004
        0.0250000004
        0.0250000004
        0.0250000004
        0.0250000004
        0.0250000004
        0.0250000004
        0.0250000004
        0.0250000004
        0.0250000004
        0.0250000004
        0.0250000004
        0.0250000004
        0.0250000004
        0.0250000004
        0.0250000004
        0.0250000004
        0.0250000004
        0.0250000004
        0.0250000004
        0.0250000004
        0.0250000004
        0.0250000004
        0.0250000004
        0.0250000004
        0.0250000004
        0.0250000004
        0.0250000004
        0.0250000004
        0.0250000004
        0.0250000004
        0.0250000004
        0.0250000004
        0.0250000004
        0.0250000004
        0.0250000004
        0.0250000004
        0.0250000004
        0.0250000004
        0.0250000004
        0.0250000004
        0.0250000004
        0.0250000004
        0.0250000004
        0.0250000004
        0.0250000004
        0.0250000004
        0.0250000004
        0.0250000004
        0.0250000004
        0.0250000004
        0.0250000004
        0.0250000004
        0.0250000004
        0.0250000004
        0.0250000004
        0.0250000004
        0.0250000004
        0.0250000004
        0.0250000004
        0.0250000004
        0.0250000004
        0.0250000004
        0.0250000004
        0.0250000004
        0.0250000004
        0.0250000004
        0.0250000004
        0.0250000004
        0.0250000004
        0.0250000004
        0.0250000004
        0.0250000004
        0.0250000004
        0.0250000004
        0.0250000004
        0.0250000004
        0.0250000004
        0.0250000004
        0.0250000004
        0.0250000004
        0.0250000004
        0.0250000004
        0.0250000004
        0.0250000004
        0.0250000004
        0.0250000004
        0.0250000004
        0.0250000004
        0.0250000004
        0.0250000004
        0.0250000004
        0.0250000004
        0.0250000004
        0.0250000004
        0.0250000004
        0.0250000004
        0.0250000004
        0.0250000004
        0.0250000004
        0.0250000004
        0.0250000004
        0.0250000004
        0.0250000004
        0.0250000004
        0.0250000004
        0.0250000004
        0.0250000004
        0.0250000004
        0.0250000004
        0.0250000004
        0.0250000004
        0.0250000004
        0.0250000004
        0.0250000004
        0.0250000004
        0.0250000004
        0.0250000004
        0.0250000004
        0.0250000004
        0.0250000004
        0.0250000004
        0.0250000004
        0.0250000004
        0.0250000004
        0.0250000004
        0.0250000004
        0.0250000004
        0.0250000004
        0.0250000004
        0.0250000004
        0.0250000004
        0.0250000004
        0.0250000004
        0.0250000004
        0.0250000004
        0.0250000004
        0.0250000004
        0.0250000004
        0.0250000004
        0.0250000004
        0.0250000004
        0.0250000004
        0.0250000004
        0.0250000004
        0.0250000004
        0.0250000004
        0.0250000004
        0.0250000004
        0.0250000004
        0.0250000004
        0.0250000004
        0.0250000004
        0.0250000004
        0.0250000004
        0.0250000004
        0.0250000004
        0.0250000004
        0.0250000004
        0.0250000004
        0.0250000004
        0.0250000004
        0.0250000004
        0.0250000004
        0.0250000004
        0.0250000004
        0.0250000004
        0.0250000004
        0.0250000004
        0.0250000004
        0.0250000004
        0.0250000004
        0.0250000004
        0.0250000004
        0.0250000004
        0.0250000004
        0.0250000004
        0.0250000004
        0.0250000004
        0.0250000004
        0.0250000004
        0.0250000004
        0.0250000004
        0.0250000004
        0.0250000004
        0.0250000004
        0.0250000004
        0.0250000004
        0.0250000004
        0.0250000004
        0.0250000004
        0.0250000004
        0.0250000004
        0.0250000004
        0.0250000004
        0.0250000004
        0.0250000004
        0.0250000004
        0.0250000004
        0.0250000004
        0.0250000004
        0.0250000004
        0.0250000004
        0.0250000004
        0.0250000004
        0.0250000004
        0.0250000004
        0.0250000004
        0.0250000004
        0.0250000004
        0.0250000004
        0.0250000004
        0.0250000004
        0.0250000004
        0.0250000004
        0.0250000004
        0.0250000004
        0.0250000004
        0.0250000004
        0.0250000004
        0.0250000004
        0.0250000004
        0.0250000004
        0.0250000004
        0.0250000004
        0.0250000004
        0.0250000004
        0.0250000004
        0.0250000004
        0.0250000004
        0.0250000004
        0.0250000004
        0.0250000004
        0.0250000004
        0.0250000004
        0.0250000004
        0.0250000004
        0.0250000004
        0.0250000004
        0.0250000004
        0.0250000004
        0.0250000004
        0.0250000004
        0.0250000004
        0.0250000004
        0.0250000004
        0.0250000004
        0.0250000004
        0.0250000004
        0.0250000004
        0.0250000004
        0.0250000004
        0.0250000004
        0.0250000004
        0.0250000004
        0.0250000004
        0.0250000004
        0.0250000004
        0.0250000004
        0.0250000004
        0.0250000004
        0.0250000004
        0.0250000004
        0.0250000004
        0.0250000004
        0.0250000004
        0.0250000004
        0.0250000004
        0.0250000004
        0.0250000004
        0.0250000004
        0.0250000004
        0.0250000004
        0.0250000004
        0.0250000004
        0.0250000004
        0.0250000004
        0.0250000004
        0.0250000004
        0.0250000004
        0.0250000004
        0.0250000004
        0.0250000004
        0.0250000004
        0.0250000004
        0.0250000004
        0.0250000004
        0.0250000004
        0.0250000004
        0.0250000004
        0.0250000004
        0.0250000004
        0.0250000004
        0.0250000004
        0.0250000004
        0.0250000004
        0.0250000004
        0.0250000004
        0.0250000004
        0.0250000004
        0.0250000004
        0.0250000004
        0.0250000004
        0.0250000004
        0.0250000004
        0.0250000004
        0.0250000004
        0.0250000004
        0.0250000004
        0.0250000004
        0.0250000004
        0.0250000004
        0.0250000004
        0.0250000004
        0.0250000004
        0.0250000004
        0.0250000004
        0.0250000004
        0.0250000004
        0.0250000004
        0.0250000004
        0.0250000004
        0.0250000004
        0.0250000004
        0.0250000004
        0.0250000004
        0.0250000004
        0.0250000004
        0.0250000004
        0.0250000004
        0.0250000004
        0.0250000004
        0.0250000004
        0.0250000004
        0.0250000004
        0.0250000004
        0.0250000004
        0.0250000004
        0.0250000004
        0.0250000004
        0.0250000004
        0.0250000004
        0.0250000004
        0.0250000004
        0.0250000004
        0.0250000004
        0.0250000004
        0.0250000004
        0.0250000004
        0.0250000004
        0.0250000004
        0.0250000004
        0.0250000004
        0.0250000004
        0.0250000004
        0.0250000004
        0.0250000004
        0.0250000004
        0.0250000004
        0.0250000004
        0.0250000004
        0.0250000004
        0.0250000004
        0.0250000004
        0.0250000004
        0.0250000004
        0.0250000004
        0.0250000004
        0.0250000004
        0.0250000004
        0.0250000004
        0.0250000004
        0.0250000004
        0.0250000004
        0.0250000004
        0.0250000004
        0.0250000004
        0.0250000004
        0.0250000004
        0.0250000004
        0.0250000004
        0.0250000004
        0.0250000004
        0.0250000004
        0.0250000004
        0.0250000004
        0.0250000004
        0.0250000004
        0.0250000004
        0.0250000004
        0.0250000004
        0.0250000004
        0.0250000004
        0.0250000004
        0.0250000004
        0.0250000004
        0.0250000004
        0.0250000004
        0.0250000004
        0.0250000004
        0.0250000004
        0.0250000004
        0.0250000004
        0.0250000004
        0.0250000004
        0.0250000004
        0.0250000004
        0.0250000004
        0.0250000004
        0.0250000004
        0.0250000004
        0.0250000004
        0.0250000004
        0.0250000004
        0.0250000004
        0.0250000004
        0.0250000004
        0.0250000004
        0.0250000004
        0.0250000004
        0.0250000004
        0.0250000004
        0.0250000004
        0.0250000004
        0.0250000004
        0.0250000004
        0.0250000004
        0.0250000004
        0.0250000004
        0.0250000004
        0.0250000004
        0.0250000004
        0.0250000004
        0.0250000004
        0.0250000004
        0.0250000004
        0.0250000004
        0.0250000004
        0.0250000004
        0.0250000004
        0.0250000004
        0.0250000004
        0.0250000004
        0.0250000004
        0.0250000004
        0.0250000004
        0.0250000004
        0.0250000004
        0.0250000004
        0.0250000004
        0.0250000004
        0.0250000004
        0.0250000004
        0.0250000004
        0.0250000004
        0.0250000004
        0.0250000004
        0.0250000004
        0.0250000004
        0.0250000004
        0.0250000004
        0.0250000004
        0.0250000004
        0.0250000004
        0.0250000004
        0.0250000004
        0.0250000004
        0.0250000004
        0.0250000004
        0.0250000004
        0.0250000004
        0.0250000004
        0.0250000004
        0.0250000004
        0.0250000004
        0.0250000004
        0.0250000004
        0.0250000004
        0.0250000004
        0.0250000004
        0.0250000004
        0.0250000004
        0.0250000004
        0.0250000004
        0.0250000004
        0.0250000004
        0.0250000004
        0.0250000004
        0.0250000004
        0.0250000004
        0.0250000004
        0.0250000004
        0.0250000004
        0.0250000004
        0.0250000004
        0.0250000004
        0.0250000004
        0.0250000004
        0.0250000004
        0.0250000004
        0.0250000004
        0.0250000004
        0.0250000004
        0.0250000004
        0.0250000004
        0.0250000004
        0.0250000004
        0.0250000004
        0.0250000004
        0.0250000004
        0.0250000004
        0.0250000004
        0.0250000004
        0.0250000004
        0.0250000004
        0.0250000004
        0.0250000004
        0.0250000004
        0.0250000004
        0.0250000004
        0.0250000004
        0.0250000004
        0.0250000004
        0.0250000004
        0.0250000004
        0.0250000004
        0.0250000004
        0.0250000004
        0.0250000004
        0.0250000004
        0.0250000004
        0.0250000004
        0.0250000004
        0.0250000004
        0.0250000004
        0.0250000004
        0.0250000004
        0.0250000004
        0.0250000004
        0.0250000004
        0.0250000004
        0.0250000004
        0.0250000004
        0.0250000004
        0.0250000004
        0.0250000004
        0.0250000004
        0.0250000004
        0.0250000004
        0.0250000004
        0.0250000004
        0.0250000004
        0.0250000004
        0.0250000004
        0.0250000004
        0.0250000004
        0.0250000004
        0.0250000004
        0.0250000004
        0.0250000004
        0.0250000004
        0.0250000004
        0.0250000004
        0.0250000004
        0.0250000004
        0.0250000004
        0.0250000004
        0.0250000004
        0.0250000004
        0.0250000004
        0.0250000004
        0.0250000004
        0.0250000004
        0.0250000004
        0.0250000004
        0.0250000004
        0.0250000004
        0.0250000004
        0.0250000004
        0.0250000004
        0.0250000004
        0.0250000004
        0.0250000004
        0.0250000004
        0.0250000004
        0.0250000004
        0.0250000004
        0.0250000004
        0.0250000004
        0.0250000004
        0.0250000004
        0.0250000004
        0.0250000004
        0.0250000004
        0.0250000004
        0.0250000004
        0.0250000004
        0.0250000004
        0.0250000004
        0.0250000004
        0.0250000004
        0.0250000004
        0.0250000004
        0.0250000004
        0.0250000004
        0.0250000004
        0.0250000004
        0.0250000004
        0.0250000004
        0.0250000004
        0.0250000004
        0.0250000004
        0.0250000004
        0.0250000004
        0.0250000004
        0.0250000004
        0.0250000004
        0.0250000004
        0.0250000004
        0.0250000004
        0.0250000004
        0.0250000004
        0.0250000004
        0.0250000004
        0.0250000004
        0.0250000004
        0.0250000004
        0.0250000004
        0.0250000004
        0.0250000004
        0.0250000004
        0.0250000004
        0.0250000004
        0.0250000004
        0.0250000004
        0.0250000004
        0.0250000004
        0.0250000004
        0.0250000004
        0.0250000004
        0.0250000004
        0.0250000004
        0.0250000004
        0.0250000004
        0.0250000004
        0.0250000004
        0.0250000004
        0.0250000004
        0.0250000004
        0.0250000004
        0.0250000004
        0.0250000004
        0.0250000004
        0.0250000004
        0.0250000004
        0.0250000004
        0.0250000004
        0.0250000004
        0.0250000004
        0.0250000004
        0.0250000004
        0.0250000004
        0.0250000004
        0.0250000004
        0.0250000004
        0.0250000004
        0.0250000004
        0.0250000004
        0.0250000004
        0.0250000004
        0.0250000004
        0.0250000004
        0.0250000004
        0.0250000004
        0.0250000004
        0.0250000004
        0.0250000004
        0.0250000004
        0.0250000004
        0.0250000004
        0.0250000004
        0.0250000004
        0.0250000004
        0.0250000004
        0.0250000004
        0.0250000004
        0.0250000004
        0.0250000004
        0.0250000004
        0.0250000004
        0.0250000004
        0.0250000004
        0.0250000004
        0.0250000004
        0.0250000004
        0.0250000004
        0.0250000004
        0.0250000004
        0.0250000004
        0.0250000004
        0.0250000004
        0.0250000004
        0.0250000004
        0.0250000004
        0.0250000004
        0.0250000004
        0.0250000004
        0.0250000004
        0.0250000004
        0.0250000004
        0.0250000004
        0.0250000004
        0.0250000004
        0.0250000004
        0.0250000004
        0.0250000004
        0.0250000004
        0.0250000004
        0.0250000004
        0.0250000004
        0.0250000004
        0.0250000004
        0.0250000004
        0.0250000004
        0.0250000004
        0.0250000004
        0.0250000004
        0.0250000004
        0.0250000004
        0.0250000004
        0.0250000004
        0.0250000004
        0.0250000004
        0.0250000004
        0.0250000004
        0.0250000004
        0.0250000004
        0.0250000004
        0.0250000004
        0.0250000004
        0.0250000004
        0.0250000004
        0.0250000004
        0.0250000004
        0.0250000004
        0.0250000004
        0.0250000004
        0.0250000004
        0.0250000004
        0.0250000004
        0.0250000004
        0.0250000004
        0.0250000004
        0.0250000004
        0.0250000004
        0.0250000004
        0.0250000004
        0.0250000004
        0.0250000004
        0.0250000004
        0.0250000004
        0.0250000004
        0.0250000004
        0.0250000004
        0.0250000004
        0.0250000004
        0.0250000004
        0.0250000004
        0.0250000004
        0.0250000004
        0.0250000004
        0.0250000004
        0.0250000004
        0.0250000004
        0.0250000004
        0.0250000004
        0.0250000004
        0.0250000004
        0.0250000004
        0.0250000004
        0.0250000004
        0.0250000004
        0.0250000004
        0.0250000004
        0.0250000004
        0.0250000004
        0.0250000004
        0.0250000004
        0.0250000004
        0.0250000004
        0.0250000004
        0.0250000004
        0.0250000004
        0.0250000004
        0.0250000004
        0.0250000004
        0.0250000004
        0.0250000004
        0.0250000004
        0.0250000004
        0.0250000004
        0.0250000004
        0.0250000004
        0.0250000004
        0.0250000004
        0.0250000004
        0.0250000004
        0.0250000004
        0.0250000004
        0.0250000004
        0.0250000004
        0.0250000004
        0.0250000004
        0.0250000004
        0.0250000004
        0.0250000004
        0.0250000004
        0.0250000004
        0.0250000004
        0.0250000004
        0.0250000004
        0.0250000004
        0.0250000004
        0.0250000004
        0.0250000004
        0.0250000004
        0.0250000004
        0.0250000004
        0.0250000004
        0.0250000004
        0.0250000004
        0.0250000004
        0.0250000004
        0.0250000004
        0.0250000004
        0.0250000004
        0.0250000004
        0.0250000004
        0.0250000004
        0.0250000004
        0.0250000004
        0.0250000004
        0.0250000004
        0.0250000004
        0.0250000004
        0.0250000004
        0.0250000004
        0.0250000004
        0.0250000004
        0.0250000004
        0.0250000004
        0.0250000004
        0.0250000004
        0.0250000004
        0.0250000004
        0.0250000004
        0.0250000004
        0.0250000004
        0.0250000004
        0.0250000004
        0.0250000004
        0.0250000004
        0.0250000004
        0.0250000004
        0.0250000004
        0.0250000004
        0.0250000004
        0.0250000004
        0.0250000004
        0.0250000004
        0.0250000004
        0.0250000004
        0.0250000004
        0.0250000004
        0.0250000004
        0.0250000004
        0.0250000004
        0.0250000004
        0.0250000004
        0.0250000004
        0.0250000004
        0.0250000004
        0.0250000004
        0.0250000004
        0.0250000004
        0.0250000004
        0.0250000004
        0.0250000004
        0.0250000004
        0.0250000004
        0.0250000004
        0.0250000004
        0.0250000004
        0.0250000004
        0.0250000004
        0.0250000004
        0.0250000004
        0.0250000004
        0.0250000004
        0.0250000004
        0.0250000004
        0.0250000004
        0.0250000004
        0.0250000004
        0.0250000004
        0.0250000004
        0.0250000004
        0.0250000004
        0.0250000004
        0.0250000004
        0.0250000004
        0.0250000004
        0.0250000004
        0.0250000004
        0.0250000004
        0.0250000004
        0.0250000004
        0.0250000004
        0.0250000004
        0.0250000004
        0.0250000004
        0.0250000004
        0.0250000004
        0.0250000004
        0.0250000004
        0.0250000004
        0.0250000004
        0.0250000004
        0.0250000004
        0.0250000004
        0.0250000004
        0.0250000004
        0.0250000004
        0.0250000004
        0.0250000004
        0.0250000004
        0.0250000004
        0.0250000004
        0.0250000004
        0.0250000004
        0.0250000004
        0.0250000004
        0.0250000004
        0.0250000004
        0.0250000004
        0.0250000004
        0.0250000004
        0.0250000004
        0.0250000004
        0.0250000004
        0.0250000004
        0.0250000004
        0.0250000004
        0.0250000004
        0.0250000004
        0.0250000004
        0.0250000004
        0.0250000004
        0.0250000004
        0.0250000004
        0.0250000004
        0.0250000004
        0.0250000004
        0.0250000004
        0.0250000004
        0.0250000004
        0.0250000004
        0.0250000004
        0.0250000004
        0.0250000004
        0.0250000004
        0.0250000004
        0.0250000004
        0.0250000004
        0.0250000004
        0.0250000004
        0.0250000004
        0.0250000004
        0.0250000004
        0.0250000004
        0.0250000004
        0.0250000004
        0.0250000004
        0.0250000004
        0.0250000004
        0.0250000004
        0.0250000004
        0.0250000004
        0.0250000004
        0.0250000004
        0.0250000004
        0.0250000004
        0.0250000004
        0.0250000004
        0.0250000004
        0.0250000004
        0.0250000004
        0.0250000004
        0.0250000004
        0.0250000004
        0.0250000004
        0.0250000004
        0.0250000004
        0.0250000004
        0.0250000004
        0.0250000004
        0.0250000004
        0.0250000004
        0.0250000004
        0.0250000004
        0.0250000004
        0.0250000004
        0.0250000004
        0.0250000004
        0.0250000004
        0.0250000004
        0.0250000004
        0.0250000004
        0.0250000004
        0.0250000004
        0.0250000004
        0.0250000004
        0.0250000004
        0.0250000004
        0.0250000004
        0.0250000004
        0.0250000004
        0.0250000004
        0.0250000004
        0.0250000004
        0.0250000004
        0.0250000004
        0.0250000004
        0.0250000004
        0.0250000004
        0.0250000004
        0.0250000004
        0.0250000004
        0.0250000004
        0.0250000004
        0.0250000004
        0.0250000004
        0.0250000004
        0.0250000004
        0.0250000004
        0.0250000004
        0.0250000004
        0.0250000004
        0.0250000004
        0.0250000004
        0.0250000004
        0.0250000004
        0.0250000004
        0.0250000004
        0.0250000004
        0.0250000004
        0.0250000004
        0.0250000004
        0.0250000004
        0.0250000004
        0.0250000004
        0.0250000004
        0.0250000004
        0.0250000004
        0.0250000004
        0.0250000004
        0.0250000004
        0.0250000004
        0.0250000004
        0.0250000004
        0.0250000004
        0.0250000004
        0.0250000004
        0.0250000004
        0.0250000004
        0.0250000004
        0.0250000004
        0.0250000004
        0.0250000004
        0.0250000004
        0.0250000004
        0.0250000004
        0.0250000004
        0.0250000004
        0.0250000004
        0.0250000004
        0.0250000004
        0.0250000004
        0.0250000004
        0.0250000004
        0.0250000004
        0.0250000004
        0.0250000004
        0.0250000004
        0.0250000004
        0.0250000004
        0.0250000004
        0.0250000004
        0.0250000004
        0.0250000004
        0.0250000004
        0.0250000004
        0.0250000004
        0.0250000004
        0.0250000004
        0.0250000004
        0.0250000004
        0.0250000004
        0.0250000004
        0.0250000004
        0.0250000004
        0.0250000004
        0.0250000004
        0.0250000004
        0.0250000004
        0.0250000004
        0.0250000004
        0.0250000004
        0.0250000004
        0.0250000004
        0.0250000004
        0.0250000004
        0.0250000004
        0.0250000004
        0.0250000004
        0.0250000004
        0.0250000004
        0.0250000004
        0.0250000004
        0.0250000004
        0.0250000004
        0.0250000004
        0.0250000004
        0.0250000004
        0.0250000004
        0.0250000004
        0.0250000004
        0.0250000004
        0.0250000004
        0.0250000004
        0.0250000004
        0.0250000004
        0.0250000004
        0.0250000004
        0.0250000004
        0.0250000004
        0.0250000004
        0.0250000004
        0.0250000004
        0.0250000004
        0.0250000004
        0.0250000004
        0.0250000004
        0.0250000004
        0.0250000004
        0.0250000004
        0.0250000004
        0.0250000004
        0.0250000004
        0.0250000004
        0.0250000004
        0.0250000004
        0.0250000004
        0.0250000004
        0.0250000004
        0.0250000004
        0.0250000004
        0.0250000004
        0.0250000004
        0.0250000004
        0.0250000004
        0.0250000004
        0.0250000004
        0.0250000004
        0.0250000004
        0.0250000004
        0.0250000004
        0.0250000004
        0.0250000004
        0.0250000004
        0.0250000004
        0.0250000004
        0.0250000004
        0.0250000004
        0.0250000004
        0.0250000004
        0.0250000004
        0.0250000004
        0.0250000004
        0.0250000004
        0.0250000004
        0.0250000004
        0.0250000004
        0.0250000004
        0.0250000004
        0.0250000004
        0.0250000004
        0.0250000004
        0.0250000004
        0.0250000004
        0.0250000004
        0.0250000004
        0.0250000004
        0.0250000004
        0.0250000004
        0.0250000004
        0.0250000004
        0.0250000004
        0.0250000004
        0.0250000004
        0.0250000004
        0.0250000004
        0.0250000004
        0.0250000004
        0.0250000004
        0.0250000004
        0.0250000004
        0.0250000004
        0.0250000004
        0.0250000004
        0.0250000004
        0.0250000004
        0.0250000004
        0.0250000004
        0.0250000004
        0.0250000004
        0.0250000004
        0.0250000004
        0.0250000004
        0.0250000004
        0.0250000004
        0.0250000004
        0.0250000004
        0.0250000004
        0.0250000004
        0.0250000004
        0.0250000004
        0.0250000004
        0.0250000004
        0.0250000004
        0.0250000004
        0.0250000004
        0.0250000004
        0.0250000004
        0.0250000004
        0.0250000004
        0.0250000004
        0.0250000004
        0.0250000004
        0.0250000004
        0.0250000004
        0.0250000004
        0.0250000004
        0.0250000004
        0.0250000004
        0.0250000004
        0.0250000004
        0.0250000004
        0.0250000004
        0.0250000004
        0.0250000004
        0.0250000004
        0.0250000004
        0.0250000004
        0.0250000004
        0.0250000004
        0.0250000004
        0.0250000004
        0.0250000004
        0.0250000004
        0.0250000004
        0.0250000004
        0.0250000004
        0.0250000004
        0.0250000004
        0.0250000004
        0.0250000004
        0.0250000004
        0.0250000004
        0.0250000004
        0.0250000004
        0.0250000004
        0.0250000004
        0.0250000004
        0.0250000004
        0.0250000004
        0.0250000004
        0.0250000004
        0.0250000004
        0.0250000004
        0.0250000004
        0.0250000004
        0.0250000004
        0.0250000004
        0.0250000004
        0.0250000004
        0.0250000004
        0.0250000004
        0.0250000004
        0.0250000004
        0.0250000004
        0.0250000004
        0.0250000004
        0.0250000004
        0.0250000004
        0.0250000004
        0.0250000004
        0.0250000004
        0.0250000004
        0.0250000004
        0.0250000004
        0.0250000004
        0.0250000004
        0.0250000004
        0.0250000004
        0.0250000004
        0.0250000004
        0.0250000004
        0.0250000004
        0.0250000004
        0.0250000004
        0.0250000004
        0.0250000004
        0.0250000004
        0.0250000004
        0.0250000004
        0.0250000004
        0.0250000004
        0.0250000004
        0.0250000004
        0.0250000004
        0.0250000004
        0.0250000004
        0.0250000004
        0.0250000004
        0.0250000004
        0.0250000004
        0.0250000004
        0.0250000004
        0.0250000004
        0.0250000004
        0.0250000004
        0.0250000004
        0.0250000004
        0.0250000004
        0.0250000004
        0.0250000004
        0.0250000004
        0.0250000004
        0.0250000004
        0.0250000004
        0.0250000004
        0.0250000004
        0.0250000004
        0.0250000004
        0.0250000004
        0.0250000004
        0.0250000004
        0.0250000004
        0.0250000004
        0.0250000004
        0.0250000004
        0.0250000004
        0.0250000004
        0.0250000004
        0.0250000004
        0.0250000004
        0.0250000004
        0.0250000004
        0.0250000004
        0.0250000004
        0.0250000004
        0.0250000004
        0.0250000004
        0.0250000004
        0.0250000004
        0.0250000004
        0.0250000004
        0.0250000004
        0.0250000004
        0.0250000004
        0.0250000004
        0.0250000004
        0.0250000004
        0.0250000004
        0.0250000004
        0.0250000004
        0.0250000004
        0.0250000004
        0.0250000004
        0.0250000004
        0.0250000004
        0.0250000004
        0.0250000004
        0.0250000004
        0.0250000004
        0.0250000004
        0.0250000004
        0.0250000004
        0.0250000004
        0.0250000004
        0.0250000004
        0.0250000004
        0.0250000004
        0.0250000004
        0.0250000004
        0.0250000004
        0.0250000004
        0.0250000004
        0.0250000004
        0.0250000004
        0.0250000004
        0.0250000004
        0.0250000004
        0.0250000004
        0.0250000004
        0.0250000004
        0.0250000004
        0.0250000004
        0.0250000004
        0.0250000004
        0.0250000004
        0.0250000004
        0.0250000004
        0.0250000004
        0.0250000004
        0.0250000004
        0.0250000004
        0.0250000004
        0.0250000004
        0.0250000004
        0.0250000004
        0.0250000004
        0.0250000004
        0.0250000004
        0.0250000004
        0.0250000004
        0.0250000004
        0.0250000004
        0.0250000004
        0.0250000004
        0.0250000004
        0.0250000004
        0.0250000004
        0.0250000004
        0.0250000004
        0.0250000004
        0.0250000004
        0.0250000004
        0.0250000004
        0.0250000004
        0.0250000004
        0.0250000004
        0.0250000004
        0.0250000004
        0.0250000004
        0.0250000004
        0.0250000004
        0.0250000004
        0.0250000004
        0.0250000004
        0.0250000004
        0.0250000004
        0.0250000004
        0.0250000004
        0.0250000004
        0.0250000004
        0.0250000004
        0.0250000004
        0.0250000004
        0.0250000004
        0.0250000004
        0.0250000004
        0.0250000004
        0.0250000004
        0.0250000004
        0.0250000004
        0.0250000004
        0.0250000004
        0.0250000004
        0.0250000004
        0.0250000004
        0.0250000004
        0.0250000004
        0.0250000004
        0.0250000004
        0.0250000004
        0.0250000004
        0.0250000004
        0.0250000004
        0.0250000004
        0.0250000004
        0.0250000004
        0.0250000004
        0.0250000004
        0.0250000004
        0.0250000004
        0.0250000004
        0.0250000004
        0.0250000004
        0.0250000004
        0.0250000004
        0.0250000004
        0.0250000004
        0.0250000004
        0.0250000004
        0.0250000004
        0.0250000004
        0.0250000004
        0.0250000004
        0.0250000004
        0.0250000004
        0.0250000004
        0.0250000004
        0.0250000004
        0.0250000004
        0.0250000004
        0.0250000004
        0.0250000004
        0.0250000004
        0.0250000004
        0.0250000004
        0.0250000004
        0.0250000004
        0.0250000004
        0.0250000004
        0.0250000004
        0.0250000004
        0.0250000004
        0.0250000004
        0.0250000004
        0.0250000004
        0.0250000004
        0.0250000004
        0.0250000004
        0.0250000004
        0.0250000004
        0.0250000004
        0.0250000004
        0.0250000004
        0.0250000004
        0.0250000004
        0.0250000004
        0.0250000004
        0.0250000004
        0.0250000004
        0.0250000004
        0.0250000004
        0.0250000004
        0.0250000004
        0.0250000004
        0.0250000004
        0.0250000004
        0.0250000004
        0.0250000004
        0.0250000004
        0.0250000004
        0.0250000004
        0.0250000004
        0.0250000004
        0.0250000004
        0.0250000004
        0.0250000004
        0.0250000004
        0.0250000004
        0.0250000004
        0.0250000004
        0.0250000004
        0.0250000004
        0.0250000004
        0.0250000004
        0.0250000004
        0.0250000004
        0.0250000004
        0.0250000004
        0.0250000004
        0.0250000004
        0.0250000004
        0.0250000004
        0.0250000004
        0.0250000004
        0.0250000004
        0.0250000004
        0.0250000004
        0.0250000004
        0.0250000004
        0.0250000004
        0.0250000004
        0.0250000004
        0.0250000004
        0.0250000004
        0.0250000004
        0.0250000004
        0.0250000004
        0.0250000004
        0.0250000004
        0.0250000004
        0.0250000004
        0.0250000004
        0.0250000004
        0.0250000004
        0.0250000004
        0.0250000004
        0.0250000004
        0.0250000004
        0.0250000004
        0.0250000004
        0.0250000004
        0.0250000004
        0.0250000004
        0.0250000004
        0.0250000004
        0.0250000004
        0.0250000004
        0.0250000004
        0.0250000004
        0.0250000004
        0.0250000004
        0.0250000004
        0.0250000004
        0.0250000004
        0.0250000004
        0.0250000004
        0.0250000004
        0.0250000004
        0.0250000004
        0.0250000004
        0.0250000004
        0.0250000004
        0.0250000004
        0.0250000004
        0.0250000004
        0.0250000004
        0.0250000004
        0.0250000004
        0.0250000004
        0.0250000004
        0.0250000004
        0.0250000004
        0.0250000004
        0.0250000004
        0.0250000004
        0.0250000004
        0.0250000004
        0.0250000004
        0.0250000004
        0.0250000004
        0.0250000004
        0.0250000004
        0.0250000004
        0.0250000004
        0.0250000004
        0.0250000004
        0.0250000004
        0.0250000004
        0.0250000004
        0.0250000004
        0.0250000004
        0.0250000004
        0.0250000004
        0.0250000004
        0.0250000004
        0.0250000004
        0.0250000004
        0.0250000004
        0.0250000004
        0.0250000004
        0.0250000004
        0.0250000004
        0.0250000004
        0.0250000004
        0.0250000004
        0.0250000004
        0.0250000004
        0.0250000004
        0.0250000004
        0.0250000004
        0.0250000004
        0.0250000004
        0.0250000004
        0.0250000004
        0.0250000004
        0.0250000004
        0.0250000004
        0.0250000004
        0.0250000004
        0.0250000004
        0.0250000004
        0.0250000004
        0.0250000004
        0.0250000004
        0.0250000004
        0.0250000004
        0.0250000004
        0.0250000004
        0.0250000004
        0.0250000004
        0.0250000004
        0.0250000004
        0.0250000004
        0.0250000004
        0.0250000004
        0.0250000004
        0.0250000004
        0.0250000004
        0.0250000004
        0.0250000004
        0.0250000004
        0.0250000004
        0.0250000004
        0.0250000004
        0.0250000004
        0.0250000004
        0.0250000004
        0.0250000004
        0.0250000004
        0.0250000004
        0.0250000004
        0.0250000004
        0.0250000004
        0.0250000004
        0.0250000004
        0.0250000004
        0.0250000004
        0.0250000004
        0.0250000004
        0.0250000004
        0.0250000004
        0.0250000004
        0.0250000004
        0.0250000004
        0.0250000004
        0.0250000004
        0.0250000004
        0.0250000004
        0.0250000004
        0.0250000004
        0.0250000004
        0.0250000004
        0.0250000004
        0.0250000004
        0.0250000004
        0.0250000004
        0.0250000004
        0.0250000004
        0.0250000004
        0.0250000004
        0.0250000004
        0.0250000004
        0.0250000004
        0.0250000004
        0.0250000004
        0.0250000004
        0.0250000004
        0.0250000004
        0.0250000004
