
Quench Number  1
Energy is  9.1519225951E-02
RMS is  6.4766621655E-06
0.1125397815E-04
0.1121508363E-04
0.1113205415E-04
0.1103317210E-04
0.1090470975E-04
0.1076066992E-04
0.1058627631E-04
0.1037814951E-04
0.1014032655E-04
0.9885408891E-05
0.9625493718E-05
0.9377373642E-05
0.9132134375E-05
0.8893338809E-05
0.8653411033E-05
0.8419121725E-05
0.8197119639E-05
0.7987299646E-05
0.7793604088E-05
0.7597687619E-05
0.7407250281E-05
0.7204134384E-05
0.7012648721E-05
0.6812378581E-05
0.6627212888E-05
0.6434156179E-05
0.6239645733E-05
0.6043936678E-05
0.5846362764E-05
0.5662845593E-05
0.5502085838E-05
0.5355052687E-05
0.5236910479E-05
0.5114016302E-05
0.4993830193E-05
0.4874311885E-05
0.4756836790E-05
0.4670711283E-05
0.4602459874E-05
0.4553121706E-05
0.4502222515E-05
0.4450125926E-05
0.4399680099E-05
0.4371126647E-05
0.4366407788E-05
0.4381118408E-05
0.4405584276E-05
0.4427241830E-05
0.4439595886E-05
0.4456344209E-05
0.4464385884E-05
0.4484138171E-05
0.4504728212E-05
0.4512178396E-05
0.4516934224E-05
0.4495397503E-05
0.4466197261E-05
0.4437100508E-05
0.4405857317E-05
0.4385148880E-05
0.4353390297E-05
0.4313238705E-05
0.4262520462E-05
0.4207945612E-05
0.4150979833E-05
0.4099647172E-05
0.4027979521E-05
0.3941626947E-05
0.3829791152E-05
0.3708811846E-05
0.3585981189E-05
0.3472859436E-05
0.3364973431E-05
0.3261543106E-05
0.3154938505E-05
0.3048967479E-05
0.2942709142E-05
0.2840933911E-05
0.2750429519E-05
0.2665204117E-05
0.2579008136E-05
0.2475176268E-05
0.2351185936E-05
0.2205541736E-05
0.2044723960E-05
0.1877506702E-05
0.1693425856E-05
0.1489348149E-05
0.1261211392E-05
0.1011836988E-05
0.7467571637E-06
0.4748635930E-06
0.1910482489E-06
-.1015194188E-06
-.4140423114E-06
-.7384490081E-06
-.1071932027E-05
-.1402495186E-05
-.1724534569E-05
-.2034329471E-05
-.2340150193E-05
-.2642675115E-05
-.2940263728E-05
-.3232309772E-05
-.3506447737E-05
-.3766642611E-05
-.4008790793E-05
-.4248697602E-05
-.4491339917E-05
-.4745850068E-05
-.5004505387E-05
-.5258645821E-05
-.5496577100E-05
-.5720078164E-05
-.5932687722E-05
-.6139611301E-05
-.6336913764E-05
-.6516183169E-05
-.6664944321E-05
-.6780576782E-05
-.6858143559E-05
-.6903247155E-05
-.6920695941E-05
-.6916289943E-05
-.6890936251E-05
-.6845230636E-05
-.6774691852E-05
-.6686210008E-05
-.6578506793E-05
-.6463903680E-05
-.6340974802E-05
-.6209452313E-05
-.6067207095E-05
-.5923202452E-05
-.5779945867E-05
-.5646702296E-05
-.5526161484E-05
-.5406468696E-05
-.5285496916E-05
-.5152656402E-05
-.5015221714E-05
-.4878150361E-05
-.4741658781E-05
-.4610070659E-05
-.4479951325E-05
-.4331482725E-05
-.4179593620E-05
-.4008049392E-05
-.3833367144E-05
-.3660892553E-05
-.3500219012E-05
-.3355139643E-05
-.3223508342E-05
-.3102825030E-05
-.3004726285E-05
-.2926655452E-05
-.2883106866E-05
-.2877812770E-05
-.2906204775E-05
-.2961649564E-05
-.3039477430E-05
-.3132712286E-05
-.3221797539E-05
-.3321388028E-05
-.3417224785E-05
-.3520062319E-05
-.3628210737E-05
-.3736012885E-05
-.3843743172E-05
-.3944089868E-05
-.4029055323E-05
-.4119184017E-05
-.4184897551E-05
-.4260528097E-05
-.4332889321E-05
-.4416146371E-05
-.4501382500E-05
-.4589230467E-05
-.4672546216E-05
-.4744081565E-05
-.4818868756E-05
-.4891394123E-05
-.4981527496E-05
-.5072891407E-05
-.5191211738E-05
-.5301698689E-05
-.5431620875E-05
-.5535227762E-05
-.5661614274E-05
-.5749716003E-05
-.5861348053E-05
-.5940576662E-05
-.6039175952E-05
-.6098311991E-05
-.6165234294E-05
-.6195340581E-05
-.6219314537E-05
-.6221366173E-05
-.6225365798E-05
-.1706059477E-04
-.1736495990E-02
-.3455933517E-02
-.5175367052E-02
-.6894804316E-02
-.8614239690E-02
-.1033367480E-01
-.1205311274E-01
-.1377254796E-01
-.1549198559E-01
-.4501512537E-01
0.4632867733E-01
-.1480719065E-01
-.1826352565E-01
-.1639649545E-01
0.9943250589E-02
0.4158983113E-01
0.4619621381E-01
0.9706249406E-02
0.2103658474E-01
0.5852100485E-02
-.4269539599E-01
0.2655145463E-01
0.2591206409E-01
-.1739916589E-01
0.7085554669E-02
0.1746459816E-01
-.1629061579E-01
0.4530376024E-01
-.3117698099E-01
-.1883360251E-01
-.4427531639E-01
-.1911035823E-01
-.1390457125E-01
-.3243341389E-01
0.1116627704E-01
-.1574036867E-01
0.3668097833E-01
0.7246324322E-03
0.1445729762E-01
-.2395411334E-01
-.3787981431E-01
-.4816873964E-01
0.2261266784E-01
-.2637919665E-01
-.3110403113E-01
0.5049184492E-01
0.1506084300E-01
-.2742193138E-01
0.4528901618E-01
-.2703641761E-02
0.2055331311E-01
-.3824912231E-01
0.2605647410E-01
0.1190013800E-01
-.3230717418E-01
0.4990289538E-01
0.1419033798E-02
-.3615898929E-01
-.1535084033E-01
0.2232149225E-01
0.1907371293E-01
0.1308792586E-01
-.4077738054E-01
-.4109762344E-01
-.8087254951E-02
0.4343357087E-01
0.8900273603E-02
-.2078100228E-01
0.3117477075E-01
-.9966936679E-02
-.2362925886E-01
-.3143491378E-01
-.4667085703E-02
-.1684054409E-01
-.3363551913E-01
-.2503474064E-01
0.2596397406E-03
0.4990599045E-01
0.2799600424E-02
-.1510105816E-01
-.6697418346E-02
0.4421946720E-01
-.2565616745E-01
-.2752231101E-02
0.7266744994E-02
0.2284244257E-01
-.3118869856E-01
0.3300519944E-01
0.3600160817E-01
0.2327694089E-01
-.3421357018E-01
-.3160627451E-01
0.4080349088E-01
0.4406189006E-01
0.4036003695E-01
0.1591451625E-02
0.4744914688E-01
-.2531909071E-01
0.2505138411E-02
-.6476966435E-02
-.4765529664E-01
0.3310678112E-01
-.4643049522E-01
-.4068529099E-01
-.1045456104E-01
-.3323096605E-01
-.4168128743E-01
0.4361889006E-01
0.3247451810E-01
0.7277715279E-02
-.9240199755E-02
-.4388088313E-01
0.2373786047E-01
-.3432396269E-01
0.2375891204E-02
0.2469772277E-01
0.2025821530E-01
0.2121524274E-01
-.4162791245E-01
0.1275029735E-01
0.3772562735E-01
0.5192382624E-02
0.1367483271E-02
-.4030345121E-01
-.1253247770E-01
-.7616119790E-02
-.3566479482E-01
-.1262543817E-01
0.4343176800E-01
0.4106381922E-02
-.3639131620E-01
-.2847711053E-01
0.3775946293E-01
-.2267104345E-01
0.3051077290E-01
0.2283620617E-01
0.4013090736E-02
-.3870269102E-01
-.9634638195E-02
0.2758160870E-02
0.4346985936E-01
-.1054576049E-01
-.7184123729E-02
0.3017917240E-01
0.2147719499E-01
0.1093405114E-01
0.3133059373E-01
0.2945778352E-01
0.3979739339E-01
-.1611806786E-01
-.2413845102E-01
0.2191167120E-02
-.3425345840E-01
0.1635968303E-01
-.6854413905E-02
0.2458268338E-01
-.3224902517E-04
0.5065929877E-01
0.4206323028E-01
-.4017527014E-01
-.3154301690E-01
-.1521259565E-01
0.8540363882E-02
-.3043551104E-01
0.3005393305E-01
0.4126959688E-01
-.3421496394E-01
-.4013448333E-02
-.4215761283E-01
-.3633091135E-01
-.6728982511E-03
-.1146903458E-01
0.1457866650E-01
0.4900453777E-01
0.3813640046E-01
-.2098874885E-01
0.1974257945E-01
0.1107336317E-01
0.2386784159E-01
0.2278331582E-02
0.1559612252E-01
-.3449165704E-01
-.4611950806E-01
-.4134041121E-01
-.2562201096E-01
0.1719292664E-01
0.5122391248E-01
0.3653614602E-01
0.1483563073E-01
-.1083039590E-01
0.3840083181E-01
-.2727707845E-01
-.4756196631E-01
0.7948674877E-02
0.2945723744E-01
0.3510489620E-01
-.1018606556E-01
0.1635062406E-04
0.1407644637E-04
0.4223837918E-03
0.8306900595E-03
0.1238993369E-02
0.1647295564E-02
0.2055595338E-02
0.2463893729E-02
0.2872190956E-02
0.3280486344E-02
0.3688781247E-02
0.3796945224E-01
0.1355379006E-01
-.1744724689E-01
-.4249092473E-01
0.4785799770E-01
-.4816470013E-01
-.2646269458E-01
0.3193492606E-01
0.3963095418E-01
0.4888692406E-01
0.1534933345E-01
0.2687748767E-01
-.4290627375E-01
0.3794051859E-01
0.2729654426E-01
0.4202006406E-01
-.1570423034E-01
-.2141111587E-01
0.3843892557E-01
0.7676230868E-02
0.2306713768E-01
-.2732298111E-02
-.3986850539E-01
0.2816201907E-01
-.2090279879E-01
0.4708428496E-01
-.2865656113E-01
0.5626749840E-02
0.2148309319E-01
-.3995048294E-01
-.4871936918E-01
-.2845565117E-01
0.2756322844E-01
0.1108195322E-02
-.2404294117E-01
-.3033326800E-01
-.1534475203E-01
-.1294814571E-01
0.2370814645E-01
-.4694592266E-01
-.1459047329E-01
-.2294770568E-01
-.3443070434E-02
0.8141551499E-02
0.1546370083E-01
-.5914212200E-02
0.1612398547E-01
-.2926871032E-01
0.1425844404E-01
0.3124009577E-01
-.1207997046E-01
0.2767798752E-01
0.1828148926E-01
0.3042991280E-01
0.3518422427E-01
0.1528928887E-01
0.3562956322E-01
0.2135230936E-01
-.1341801657E-01
-.2637667295E-01
0.3964226585E-01
-.3645113209E-01
-.4873388421E-01
-.1603198772E-01
0.4707940664E-02
-.1700003706E-01
-.4369337953E-01
0.1578638393E-02
-.3098829068E-01
-.1484751400E-01
0.2070736543E-01
0.3847050323E-02
0.2381022824E-01
0.2567432233E-01
0.1577533692E-01
-.2573922669E-01
-.2355757003E-01
0.2952806741E-01
0.1090739335E-01
-.4320292477E-01
-.2428780150E-01
0.3849185235E-02
0.1393393490E-02
-.3518018124E-01
0.4744111636E-01
-.2793389843E-01
-.2631714506E-01
0.2030186789E-01
-.8124162073E-02
0.1769544732E-01
-.4830944010E-02
-.1355270357E-01
-.2902308814E-01
0.4948517117E-01
-.1379815762E-01
0.3512673735E-02
0.3970628221E-01
-.3320629841E-01
-.3647534707E-01
-.4239468735E-01
-.4300239036E-01
0.2724267000E-01
-.3681412334E-01
0.1399583983E-01
-.3389268320E-01
-.3090587562E-01
-.8933119204E-02
-.1674471931E-01
0.3379801229E-01
0.4921919263E-01
0.4113279739E-01
-.4297331633E-01
-.2363310715E-01
-.8143363683E-02
-.3147512972E-01
0.4555291128E-01
-.2765360808E-01
-.2454297987E-01
0.4564302543E-01
-.7832512966E-02
-.3947011667E-01
-.9372927950E-02
-.2811413459E-01
0.9574489857E-02
0.1665399386E-02
-.2421523212E-01
-.6296640866E-02
0.6496297715E-02
0.4044829349E-01
-.2012845665E-01
0.2385541255E-01
-.3505424484E-01
-.3894872073E-01
0.4115136370E-01
0.7721131406E-03
0.2451497249E-01
-.2867232796E-02
0.1810744202E-01
-.3846382536E-01
0.2176364781E-03
0.4513668610E-01
0.5391073235E-02
0.8669562384E-02
-.2270358558E-01
-.4998431781E-02
-.1662639893E-02
0.4254925043E-02
0.2494268602E-01
-.1412140717E-01
0.2853353292E-01
0.1049378104E-01
0.2923184533E-01
-.2782031667E-01
-.4788357450E-01
-.8802449178E-03
-.1033875208E-01
0.4835534944E-01
0.3081573557E-01
-.1484674728E-01
0.2131552258E-01
0.9528962901E-02
-.3963054192E-01
-.1334093807E-01
-.9340342286E-02
-.2709258880E-01
0.4166988394E-01
0.4391976123E-02
0.1547153610E-01
0.2128725052E-01
0.3204501606E-01
0.4146435327E-01
-.2233552549E-03
-.2912890084E-01
-.4455773653E-01
-.2067039301E-01
0.2345072797E-02
-.1560518249E-01
0.2687299452E-01
0.3903314792E-01
-.2311411360E-01
0.3924697208E-01
-.1751862358E-02
-.3584569965E-01
0.3796017905E-01
-.8394382699E-02
0.2835288369E-01
-.3279790316E-01
0.4257539732E-01
0.4386318258E-05
-.1441180166E-04
0.9325651961E-03
0.1879539917E-02
0.2826519698E-02
0.3773497330E-02
0.4720478019E-02
0.5667461990E-02
0.6614442970E-02
0.7561428935E-02
0.8508412019E-02
-.2198320581E-01
-.2849504187E-01
0.4701128622E-01
0.4862562648E-01
-.4927336662E-01
-.2140115299E-01
-.3130283092E-01
0.4294085619E-01
-.2806229725E-01
0.4169999655E-01
-.8567590008E-02
0.4372790880E-01
-.3565696571E-02
0.2144087834E-01
0.2426768055E-01
0.4519626259E-01
0.1553319703E-01
0.2182899966E-01
0.4599639251E-01
-.3983207374E-01
0.1903043043E-01
-.2186395655E-01
-.1088676818E-01
-.2394709993E-01
-.5487456376E-02
-.1022082532E-03
-.2121076862E-01
0.2440975789E-01
-.3147239360E-01
0.4373048385E-01
0.9738982072E-02
-.4021783293E-01
0.3603501139E-01
0.1439435538E-01
0.4774794878E-01
-.4509627254E-01
-.4580160973E-01
-.2906296945E-02
-.3256771337E-02
0.4603460529E-01
0.1507714316E-01
-.3372839964E-01
-.1740050208E-01
0.2389189764E-01
-.3645025298E-01
-.1638850049E-01
-.3237407245E-01
-.2521606474E-01
-.4565706133E-01
-.7419165527E-02
-.1506787230E-01
-.1380716767E-01
-.3752283521E-01
-.4553033575E-01
0.3630684683E-01
0.1528178346E-01
-.3037515119E-01
-.5002519138E-01
-.1834004420E-01
-.1878525092E-01
0.4591519792E-01
0.4681715389E-01
-.4485885662E-01
-.3890678071E-01
-.4513651347E-01
-.1767394465E-02
-.3166024414E-01
0.2878441738E-01
0.1542956097E-01
-.1491037866E-01
-.7926462101E-02
-.4779197426E-01
0.1646798010E-01
-.2414690252E-01
0.2610263037E-01
0.3581747899E-01
-.1989337423E-01
-.9821333252E-02
0.4163293112E-01
0.4688653712E-01
0.2393515514E-01
-.4487039368E-01
-.3943617653E-01
0.5769154856E-02
0.4631212940E-01
0.4326295062E-01
-.4937554394E-01
0.3832027660E-01
0.2423719791E-01
-.1745899313E-01
-.3178251325E-01
-.1751773441E-01
0.4178140351E-01
0.3717368313E-01
0.4750209067E-01
0.7581033690E-02
-.1487693496E-01
0.4848022466E-01
-.1994755157E-01
-.3639428666E-01
-.3463910748E-01
0.2129626552E-01
0.4011871163E-01
-.4526181566E-01
-.1837065816E-01
0.1992375194E-01
-.1595778961E-01
-.9042889298E-02
0.4513564684E-01
0.1001767874E-01
0.3575256141E-01
0.1915510731E-01
0.7804131441E-02
0.5705437713E-02
-.1589955234E-02
-.2993023850E-01
0.3016532784E-01
0.1471320395E-01
-.2289352342E-01
-.4480092688E-02
-.3968057847E-01
0.2963040354E-01
-.2379708705E-01
0.1736727584E-01
-.2373212554E-01
-.4157830112E-01
0.3742805618E-01
0.2646698591E-01
-.2628745324E-02
0.3992850605E-02
-.2859500926E-01
0.4041256794E-01
-.4665068342E-01
0.3865674464E-01
0.1771048231E-01
0.2314285683E-01
-.4641872876E-01
0.6031697641E-02
-.3545390346E-01
0.3517431608E-01
0.4183163586E-01
0.3426885418E-01
-.2950566573E-01
-.3599890504E-01
-.9098949423E-02
0.1911546875E-01
-.4597117539E-01
0.4465249959E-01
-.2319347671E-01
-.2661057862E-02
0.1561648191E-01
-.3971084189E-01
-.2871330783E-01
0.2733116821E-01
0.3417241870E-02
-.9107414187E-03
-.1245648936E-01
0.3737038103E-01
0.7846437945E-02
-.4241104679E-01
-.5999856779E-02
0.4476675831E-01
-.2350483777E-01
-.1884029409E-01
-.1425451306E-01
-.3418776617E-01
0.5197736908E-02
-.1331711986E-01
0.1312974651E-01
0.3644999750E-01
-.3158087203E-01
0.3773483197E-01
0.6177707677E-02
-.1800770864E-01
0.2063036268E-01
-.1789713223E-01
0.4704782600E-01
0.1316934063E-01
-.2584743407E-01
0.4117587256E-01
-.3091714864E-01
-.8361199418E-02
0.4882222646E-01
-.1523906093E-01
-.2763823568E-01
0.2492725217E-01
-.1937073580E-02
-.2088362928E-01
0.1251779749E-04
0.9384694062E-05
0.2109046238E-02
0.4208706995E-02
0.6308368401E-02
0.8408028778E-02
0.1050768874E-01
0.1260734898E-01
0.1470700742E-01
0.1680666685E-01
0.1890632524E-01
-.3578715503E-01
-.3239290062E-01
0.4415017299E-01
-.6258315041E-02
-.4932090871E-02
-.3770114889E-01
-.2477476680E-01
0.5289794727E-02
-.1389450828E-01
0.1271918624E-02
-.1819478462E-01
0.3786969679E-01
-.3078137828E-01
-.5868151275E-03
0.1847584375E-01
0.1477123430E-01
0.4596324780E-01
-.4658317623E-01
0.2110654841E-01
0.2132755629E-01
0.2333568297E-02
-.2899517989E-01
0.3042446712E-01
-.3038409970E-02
-.3116097142E-01
-.9084070587E-02
-.3706425725E-01
0.2633452614E-01
0.2325365202E-01
-.4655538879E-01
-.4696421597E-01
-.2700651549E-01
0.1214871216E-01
-.1882502887E-01
-.4673118072E-01
0.1869565848E-01
-.4525149472E-01
0.5825499879E-03
0.4482585672E-01
-.1058405115E-01
0.2755823297E-01
0.1099342135E-02
0.7494443743E-02
0.1158475520E-01
-.1359419788E-01
-.1024082474E-01
0.4368002306E-01
0.3827559547E-01
0.3646377389E-01
-.2671100155E-01
-.4009596899E-01
-.6885426673E-02
-.1578295789E-01
0.2106962028E-01
0.1279951202E-01
0.2640209273E-01
-.1556699751E-01
-.9075608835E-02
-.2475998227E-01
-.2890321866E-01
0.1215609703E-02
-.3380118285E-01
0.4362165752E-01
0.2470594159E-01
0.2240775534E-01
-.1383495573E-01
-.2013513800E-01
0.2500892204E-01
0.3864727143E-01
0.1550767056E-02
-.1520406307E-01
0.2573408264E-02
0.4635336618E-02
-.5778499349E-02
-.1153235625E-01
-.2145788629E-01
-.2113175479E-03
-.2127405739E-01
0.3817807731E-01
-.1900742083E-01
0.1557831166E-01
0.1596440321E-01
-.3433008750E-01
0.7192446470E-02
0.2386442720E-01
0.2077176927E-02
-.3288112456E-01
-.4656182765E-02
0.3476342153E-01
-.4347549688E-01
0.2754332575E-01
0.4283344828E-02
-.3586421396E-01
-.2061886161E-01
-.3569627057E-01
-.4416793127E-01
0.1334497881E-01
-.2239331603E-01
0.2599381366E-02
-.1138019030E-04
0.1495109285E-01
-.1861585116E-02
0.3604946177E-01
-.5713236694E-02
0.8958605147E-03
0.2942201274E-01
-.4625105827E-01
-.1883677138E-01
-.3107674607E-01
0.1010463804E-01
-.4830058191E-01
0.3126088600E-01
-.1077073083E-02
0.4587757091E-01
0.1726974505E-01
0.2959127702E-01
0.4367491319E-01
-.2913247520E-01
-.4740413863E-01
-.9462626944E-02
0.3679660468E-01
-.1615613315E-01
0.5065770575E-01
-.4565791377E-01
-.3118301188E-01
-.3813031911E-01
-.2378525345E-01
0.4473572598E-01
0.1448342520E-01
-.2756913335E-02
0.5100680724E-01
0.2606313955E-01
-.2957321185E-01
-.4246019057E-01
0.3589139973E-01
0.3153766863E-01
0.2424089932E-02
0.1325200467E-01
0.6807356307E-02
-.3742365487E-01
0.1577884086E-01
-.3274321852E-01
-.5712550384E-02
-.1504576058E-01
-.3917197968E-02
0.2433278067E-01
-.4065370351E-01
0.1743769087E-01
0.4332226473E-01
0.3615272306E-02
-.4293229792E-01
0.3016300683E-01
-.1201427212E-01
0.3559173915E-01
0.2818677113E-01
-.6147816919E-02
0.3076369796E-01
-.4471843932E-01
0.3012331964E-01
-.6016518025E-02
0.1707183744E-01
0.2320795358E-01
0.3632436178E-02
-.3895333445E-02
0.3298638463E-01
0.5002742540E-01
0.3833568430E-02
-.4542560287E-01
0.1970231077E-01
0.3776873286E-01
0.3153500834E-01
0.2964725436E-01
-.4493409864E-01
-.2343291909E-01
0.1825862991E-01
-.4636054461E-01
-.1317766214E-01
0.4993357045E-01
-.2893548746E-01
0.2421446088E-01
0.6579064658E-02
-.2652289905E-01
0.6784820854E-02
-.4027408392E-01
-.6113515243E-02
-.2759666013E-01
0.4273410571E-01
-.1568651222E-01
-.1576037450E-04
0.1675747076E-04
0.1191065921E-02
0.2365374201E-02
0.3539680414E-02
0.4713987856E-02
0.5888293679E-02
0.7062600606E-02
0.8236906828E-02
0.9411212939E-02
0.1058551876E-01
-.2566565568E-01
-.4606393715E-01
0.1242227883E-01
-.5071955518E-01
0.4094204239E-01
-.1353129635E-01
-.3925505068E-01
0.8879274529E-02
0.3144365430E-01
-.3233069233E-01
-.2896349947E-01
-.4727219671E-01
0.4891120062E-02
0.2393461850E-01
0.4269115925E-01
0.3835574538E-01
-.4711082340E-01
0.3406099777E-01
0.1480981786E-01
-.5250064218E-01
-.4445040796E-01
-.4561056433E-01
0.3378517598E-01
-.2680814145E-01
0.1507177236E-01
-.3267417610E-01
0.4517479445E-01
0.3721871004E-01
0.9636092819E-03
-.2363738865E-01
-.1308248828E-01
0.2283503170E-01
-.3692492117E-01
0.3968963566E-01
0.6094821019E-02
0.5435111461E-02
0.4063665741E-01
-.3087902310E-01
-.4574916052E-01
-.4097305865E-02
-.1770791368E-02
-.1333410421E-01
0.2841279583E-01
0.6722935743E-02
0.2180416366E-01
-.4159974282E-01
-.5967124789E-03
0.2487565606E-01
-.4828353038E-01
0.2075950232E-01
0.4508906602E-01
-.2322459216E-02
0.3489335218E-01
0.3929321110E-01
-.5734125611E-02
0.1597203039E-01
-.1895742574E-01
0.9633585710E-02
0.1238764701E-01
0.3925283992E-01
-.5080434944E-02
-.2242991655E-01
-.7917829813E-02
0.8635403260E-03
-.3148122465E-01
0.3180332301E-01
0.2492692978E-01
0.4122409933E-01
0.4458845420E-01
0.1199393785E-02
0.2438132085E-01
-.3085530055E-01
-.4519218437E-01
-.1136318945E-01
-.4263584351E-01
-.1398977173E-01
-.3418787651E-01
0.1379869100E-01
0.4474132741E-01
0.3936700293E-01
-.2792987233E-01
-.5323647380E-01
-.5160775417E-01
0.1775826918E-01
-.1960876245E-01
-.4940990110E-02
-.2787997850E-01
-.4902677439E-01
0.8072065865E-03
-.2459515734E-01
-.1486329914E-01
-.2784322711E-01
0.7973810001E-02
-.3807482704E-01
0.5554035201E-02
-.8678600497E-03
-.2633241590E-01
-.2151863766E-01
0.1456360094E-02
0.2105076966E-01
-.5293336183E-02
0.1289340832E-01
-.5121171982E-01
-.2246388836E-01
-.4294660492E-01
-.3028030600E-02
0.1478769557E-01
0.9474648703E-02
0.2287648192E-01
0.3250660234E-01
-.3795349537E-01
0.1341098996E-04
0.3589688746E-01
-.1601096654E-01
0.3600727573E-01
-.2807973542E-01
0.6022073816E-02
-.4884433923E-01
0.9263583370E-02
-.4709738531E-01
0.2355567004E-01
-.1830960245E-02
0.3373550722E-01
-.8860283413E-02
-.5250583887E-01
0.3688327419E-01
-.6333721828E-02
0.2021586894E-01
-.2218288932E-01
-.1841265381E-01
-.2866267275E-01
0.1603607860E-01
0.2960748740E-01
0.4159481186E-01
-.2526614008E-01
0.3088451342E-01
0.3986660394E-01
0.7011136284E-02
0.7355431662E-02
0.3554116445E-01
-.1217327975E-01
0.3010721587E-01
-.3420341133E-01
0.2441406892E-01
-.2422113665E-01
0.1940613042E-01
0.4500980278E-01
0.1211621493E-01
-.1754084012E-01
0.4488606578E-01
0.3707199568E-01
0.4454648705E-01
-.4252386043E-01
0.4360678703E-01
0.4143686944E-02
0.1823020968E-01
0.8376338553E-02
-.1190297982E-01
0.4519672574E-01
0.4331582422E-01
0.3133945808E-01
0.2178153079E-01
0.1773809748E-01
0.1731446560E-01
0.2184554009E-01
-.3364124267E-01
-.1281598280E-01
-.2457410175E-01
-.7180116735E-02
-.2198847605E-01
0.4059589935E-02
-.1213948432E-02
0.2507018942E-01
-.2524126289E-01
-.3928440802E-01
0.1317424211E-01
-.1117442623E-01
-.1797485835E-01
-.4231876879E-01
0.4399542407E-01
0.2441735811E-01
-.2643785765E-01
-.4258175588E-01
0.1663080208E-01
0.1441801264E-02
0.3322508104E-01
-.1378678848E-02
0.3209583248E-02
-.1648032009E-04
0.7768306157E-05
-.5798185373E-02
-.1160413707E-01
-.1741008780E-01
-.2321603544E-01
-.2902198574E-01
-.3482793008E-01
-.4063387762E-01
-.4643981984E-01
-.5224576428E-01
0.1090506840E-01
0.1795667849E-01
0.1444639639E-01
0.3637370152E-01
-.2500637809E-01
0.4602833491E-01
0.2146479508E-01
-.4263636402E-01
-.3081020505E-01
-.2067345913E-01
0.3909384211E-01
-.8961929495E-02
0.9183906108E-02
-.6076869772E-02
-.3556140428E-01
-.5116518461E-01
0.4115390353E-01
0.1413018117E-01
0.3772848599E-01
-.2899033562E-01
-.2003166012E-01
0.4786421160E-02
-.1014587458E-01
-.5029558300E-01
-.4354456758E-01
-.1087996979E-01
-.6510574858E-02
-.1940932170E-01
-.5190448012E-02
0.4122165120E-02
-.2713704793E-01
0.2164835789E-01
0.3661248287E-01
-.3832393027E-01
0.1712132976E-01
0.1537871201E-01
-.5066003178E-01
-.3857823635E-01
0.3695273113E-01
-.2756846557E-02
-.3059127884E-01
-.8300152211E-02
0.3119052156E-01
0.5934548303E-02
-.4867580707E-01
-.4327362686E-01
-.3984499983E-01
-.4471364832E-01
0.2857126750E-01
-.2033285048E-01
-.1060311259E-01
0.1945023531E-01
0.3596097337E-01
0.3927838677E-01
0.1188676083E-01
-.3893769749E-01
0.2356753297E-01
-.7229334970E-02
0.3048569186E-01
-.4713987683E-01
0.1662189240E-01
0.1441313135E-01
0.2097639625E-02
0.3628265080E-02
0.1260912158E-01
0.1797645813E-01
-.2945632057E-01
-.2249607752E-01
0.3506996251E-01
-.4494268906E-01
0.4103589838E-01
-.3275328156E-01
0.3196985826E-01
-.4148101864E-01
0.4103529953E-01
-.1712534600E-01
0.2843144160E-01
0.2048068455E-01
-.1237794572E-02
0.1280659735E-01
0.4432659873E-01
-.6618579235E-02
-.5292602020E-01
-.2153990094E-01
0.4495650791E-02
0.4080884831E-01
0.3050864956E-01
-.3823210790E-02
0.2867545372E-01
0.1447813707E-04
-.3368810736E-01
-.4344925259E-02
0.2182842633E-01
0.7060176833E-02
0.1660126768E-01
-.8498266209E-02
-.3353171349E-01
-.1180609144E-01
-.3190423593E-01
0.2977282506E-01
-.2373319799E-01
0.2249502473E-03
0.4099948915E-02
0.1563563025E-01
0.1887533630E-01
0.9617671304E-02
0.3998855064E-01
0.5294361017E-02
0.2314156466E-01
-.8377979867E-02
0.7696883983E-02
-.1953488813E-01
0.2992223965E-01
-.2875505232E-01
0.3451631081E-01
0.2240165415E-01
0.4273290173E-01
0.4103738764E-01
-.5188961412E-01
-.2407015878E-01
-.1996500287E-01
0.3575391960E-01
0.3099296269E-01
0.2817541900E-01
0.3636488254E-01
0.1144315770E-01
-.2588108750E-01
-.3687622978E-01
-.1082383591E-01
0.2045991617E-01
0.1965139179E-01
0.2374190012E-01
0.3279723413E-01
-.2826767490E-02
0.1350522638E-01
0.2190206193E-01
0.1336508517E-01
-.4761149755E-01
-.3651851824E-01
0.1362962955E-01
-.4692428448E-02
-.3458893325E-01
0.7413298122E-02
0.3018756839E-03
0.3850375100E-01
0.4974178602E-03
-.9510810609E-02
0.2222788851E-02
0.4455362140E-02
-.1762044719E-01
0.2698964634E-01
0.3057170854E-01
0.1709177248E-01
-.1178650872E-01
0.2000091326E-01
0.4385180497E-01
0.1295110815E-01
-.4627484003E-01
-.5021639106E-01
0.4417102050E-02
0.2994997736E-01
0.3572680131E-01
-.3441624650E-01
-.2020378426E-01
-.3038433284E-01
0.1529299821E-01
0.4467695394E-02
-.4504593929E-01
0.3293636183E-01
0.3161647675E-04
-.4165869110E-01
0.8398075236E-02
0.3547186613E-01
0.9648796422E-02
0.8917531801E-02
0.2625939588E-01
-.8303649763E-02
0.5678264960E-02
-.4356397316E-01
-.1174049037E-02
0.3173789689E-01
0.3132147931E-01
0.4644377180E-01
0.4041917026E-01
-.1493376918E-01
-.8071140770E-02
0.1942570610E-01
-.1055697835E-01
0.1245007839E-04
0.1812248127E-04
0.2206548098E-02
0.4394979005E-02
0.6583401428E-02
0.8771832377E-02
0.1096026039E-01
0.1314868740E-01
0.1533712202E-01
0.1752554870E-01
0.1971398070E-01
-.3250914147E-01
0.3237225538E-01
-.3248738166E-01
0.3131112913E-01
-.1778818292E-02
-.4335215891E-01
0.2143705853E-01
-.3446513889E-01
-.2847741717E-01
-.1897691738E-01
-.2485403682E-01
-.4396511351E-01
-.3160128189E-01
0.4399127120E-01
0.4062740549E-01
0.3500366991E-02
-.4008867337E-01
0.2036211088E-01
-.1391015970E-01
-.1003995862E-01
-.2621665871E-01
0.4190522367E-01
-.1675050596E-01
0.3960379139E-01
0.1493268780E-01
-.2401742384E-01
0.3427048800E-01
0.3242336102E-01
-.6751558873E-02
-.1760945254E-01
-.5778414486E-02
0.4957994500E-01
0.7893451590E-02
-.1349374206E-02
0.3317276354E-01
0.3344908984E-01
0.3690536377E-01
-.3674546523E-01
-.7356455318E-02
-.4400800602E-03
-.2210789985E-02
0.1369391219E-01
-.5396398480E-02
0.4513707797E-01
-.1899010653E-02
0.1385075556E-01
0.4056595449E-01
0.3615137849E-01
0.4769324237E-01
-.3502959278E-01
0.3742297432E-02
0.3146953415E-01
0.4740625160E-01
-.4412392105E-01
-.9444350801E-02
0.4023364950E-01
0.8149596347E-02
-.3547289728E-01
0.2335038769E-01
0.3251816183E-01
0.2520533327E-01
0.3720063029E-01
0.5020882422E-02
-.2278295009E-01
-.4753293059E-01
-.5954392810E-02
0.4790731663E-01
-.2363154034E-01
0.2637006351E-01
0.1935035357E-01
-.3409200392E-01
0.2298841855E-01
-.2648040635E-01
-.1843800340E-01
0.1319941580E-02
0.3843708657E-01
-.2808730776E-01
-.2571187830E-01
0.7800533655E-02
0.3406250059E-01
0.4290447798E-01
-.2413555777E-01
-.1731310458E-01
-.3953573748E-01
0.3302290261E-01
-.3956392350E-02
-.4643850681E-01
0.4329478039E-01
0.4711777189E-01
0.2748289311E-01
-.4494673437E-01
0.3331092822E-01
-.4754257282E-01
0.4371015281E-01
-.3372371519E-02
0.3647616923E-02
-.3890375047E-01
0.2241814685E-01
-.2601887294E-01
0.3484137164E-01
-.1585471972E-01
-.2060832658E-01
-.1552003129E-01
-.3312544250E-01
-.3120734350E-01
-.1640125854E-01
-.4812508784E-01
-.1648612851E-01
-.6727888124E-02
0.4686544202E-01
-.4337696031E-01
0.3373715854E-01
0.2513264040E-01
0.4879117279E-01
0.2099580515E-01
-.3131565679E-01
0.2767982331E-01
0.7197118046E-02
-.2465415161E-01
0.5074147680E-01
-.1666682999E-01
0.4950526343E-01
-.1380176323E-01
-.2866663554E-01
-.3175411427E-01
0.2170039427E-01
0.3409779565E-01
-.2712959429E-02
-.9765305577E-02
0.4284401166E-01
-.2165311116E-01
-.4600496669E-01
-.1282203102E-01
-.2886459379E-01
-.4183863095E-01
-.1943315489E-01
-.4668814041E-01
0.2145019135E-01
-.4241630021E-01
-.1192549127E-01
0.3573998774E-01
-.8290865306E-02
-.2437295699E-01
0.1386453916E-01
-.1724779770E-01
-.1304902364E-01
-.3921667238E-01
-.4330471671E-01
-.7977488517E-02
-.1880678454E-01
0.2653637204E-01
0.2192192264E-01
0.8366830029E-02
-.3392057737E-01
0.1380637554E-01
-.2773728710E-01
-.4880120315E-01
0.1273497010E-01
0.4021819760E-01
0.1964777264E-01
0.1787457317E-01
0.3849420450E-01
-.1348217030E-01
0.4628514478E-01
0.4067203445E-03
0.1367737298E-01
0.9656048570E-02
0.1321882845E-01
-.2773680749E-01
-.2435979062E-01
-.4187135562E-01
-.2603249673E-01
0.3116939663E-01
-.3866940987E-01
0.2044590701E-01
0.1343789223E-01
-.4879436345E-01
0.4283858090E-01
-.4489215043E-01
-.2614092072E-01
-.4306454535E-01
-.3440763117E-01
0.3847806716E-01
-.2446746571E-01
-.3539505047E-01
-.3479050438E-01
0.2713756893E-01
0.4877827530E-01
0.1796294022E-04
0.1797204268E-04
0.3000176394E-02
0.5982379713E-02
0.8964583714E-02
0.1194678621E-01
0.1492899027E-01
0.1791119308E-01
0.2089339681E-01
0.2387559940E-01
0.2685780208E-01
-.3019063719E-01
0.4080819894E-01
-.3389529341E-01
0.1988531847E-01
-.2710888153E-01
0.2721889826E-01
0.3242920531E-01
-.3944596373E-01
0.4879800201E-01
0.1523654117E-01
0.2480093331E-01
-.4656231463E-01
-.4409129283E-01
-.2399425972E-01
0.8646316596E-02
-.1941497527E-01
0.7537842881E-02
0.4874616664E-01
0.1796620802E-01
-.4007055666E-01
0.3149071258E-01
0.2930360172E-02
0.2805848800E-01
-.1406765124E-01
0.2043088136E-01
-.2089921762E-01
-.3269624895E-01
0.2524204413E-01
-.4375185852E-01
-.3949710234E-01
0.2921840117E-01
-.4259074008E-01
-.4671697570E-01
0.4665615949E-02
0.5027042382E-01
0.1244728477E-01
-.2661071748E-01
0.2807057666E-01
-.3462782005E-01
0.1955571314E-01
-.4005437235E-01
-.7962787906E-02
-.2349466403E-01
0.1973562441E-01
-.5542180366E-02
0.8344707823E-02
0.2780720338E-01
0.2036808964E-01
0.1717129893E-01
0.9932212188E-02
0.1098456778E-01
-.3618787244E-01
0.6698799918E-04
-.4306749654E-01
0.1058719609E-01
0.1194252607E-02
0.3338571161E-02
-.3822977190E-02
0.3309333250E-01
0.1779197134E-01
-.2828080507E-01
0.5098055540E-02
0.4383947417E-01
0.1578328509E-01
-.4602143967E-01
0.2485670053E-01
-.2155602641E-01
-.1831948576E-01
-.4050174153E-01
0.1105459588E-01
-.3690082631E-01
-.3511873832E-01
0.2026273461E-01
0.1684869066E-01
-.2882538733E-01
-.3130083022E-01
-.4518773928E-01
0.3819737305E-01
0.3356836314E-01
0.4153711063E-02
0.4128709576E-01
-.3241743929E-01
0.1788139743E-01
0.3390851589E-01
-.3981787783E-01
-.3433745987E-01
0.3950157517E-01
-.5427236229E-02
0.2969950536E-01
0.5499032580E-02
-.4753005294E-03
0.1048117030E-02
0.3225546325E-01
0.1745659516E-01
0.3583173451E-01
-.3450211499E-01
-.1779206402E-01
0.1917465242E-01
-.4908984113E-01
0.8840829671E-02
0.3628939619E-01
0.4555138053E-01
-.2146361667E-01
-.4496661869E-01
-.8749099169E-02
-.2556557095E-01
-.1326592799E-03
-.1647132922E-01
-.1072527169E-01
-.3342981638E-01
-.1846868777E-01
-.2277596181E-01
0.1296869605E-01
-.1319721825E-01
0.3546419324E-01
-.1352369171E-01
-.7128822075E-02
-.1251869769E-01
-.8211551364E-02
0.1683531752E-01
-.3594709340E-01
0.1614705999E-01
0.4349204502E-02
-.1885863443E-01
-.4613710009E-01
-.2844541354E-01
-.1373206524E-01
0.5268554003E-02
-.4326970342E-02
0.2750725614E-02
0.4345564756E-01
0.5068022592E-01
-.2275303920E-01
-.3935424078E-01
0.4468025129E-01
-.3537782252E-01
0.1146645084E-01
0.1448553652E-01
-.4541842112E-01
0.2045335174E-01
-.8631170126E-02
-.2643395647E-01
0.2664618609E-01
0.4617890134E-01
0.1740884903E-01
-.1634612899E-01
0.1802419409E-01
-.3875322616E-02
0.2073128458E-01
-.3310820580E-01
0.5248903355E-02
0.1671071691E-01
-.3995720986E-01
0.7682825044E-02
-.1760895800E-01
0.4709648341E-01
0.2406055543E-01
0.2284487850E-01
0.4041172181E-01
0.5796401509E-02
-.2111124559E-01
-.4386132613E-01
-.2382133046E-01
0.3435458445E-02
0.1921534909E-01
0.1538052840E-01
0.1028778020E-02
0.8520033445E-02
-.2263360806E-01
0.4181056906E-01
-.4679102953E-01
0.2928628234E-01
-.6295777287E-02
0.2795861748E-01
0.2274991843E-01
-.2031683771E-01
0.1634857027E-01
-.2329926619E-01
-.2928945890E-01
0.3477898759E-01
0.3386824696E-01
-.3094325378E-01
-.2985866026E-01
0.7189223254E-02
0.3057771087E-01
0.7796156834E-02
-.1686163781E-01
0.5974812457E-02
-.1364837529E-04
-.8661702054E-05
-.8666964983E-05
-.8666827175E-05
-.8664734153E-05
-.8635370307E-05
-.8613562253E-05
-.8570581495E-05
-.8561010848E-05
-.8543158130E-05
-.8568607859E-05
-.8585855561E-05
-.8638658177E-05
-.8681788924E-05
-.8759254515E-05
-.8828939525E-05
-.8923594373E-05
-.9012976051E-05
-.9112516698E-05
-.9205519350E-05
-.9302275223E-05
-.9396006573E-05
-.9493723330E-05
-.9583440573E-05
-.9672431779E-05
-.9751080043E-05
-.9820889679E-05
-.9881514082E-05
-.9923666587E-05
-.9949436873E-05
-.9946646756E-05
-.9915583459E-05
-.9863773461E-05
-.9790925961E-05
-.9714803363E-05
-.9634152515E-05
-.9551272461E-05
-.9459109304E-05
-.9349490134E-05
-.9226796766E-05
-.9093573644E-05
-.8963154441E-05
-.8840762084E-05
-.8728527606E-05
-.8615904488E-05
-.8495886776E-05
-.8366413488E-05
-.8227732339E-05
-.8089008541E-05
-.7957770458E-05
-.7827303346E-05
-.7699339356E-05
-.7559913233E-05
-.7412812189E-05
-.7257186621E-05
-.7093602914E-05
-.6937264336E-05
-.6784534765E-05
-.6633076551E-05
-.6476181625E-05
-.6302971050E-05
-.6110478165E-05
-.5902622623E-05
-.5676252376E-05
-.5444733329E-05
-.5198968475E-05
-.4951889186E-05
-.4706791079E-05
-.4468659789E-05
-.4239654828E-05
-.4022026353E-05
-.3812382825E-05
-.3612242499E-05
-.3418672452E-05
-.3235908218E-05
-.3066627788E-05
-.2912322412E-05
-.2777252805E-05
-.2651985862E-05
-.2537039749E-05
-.2421349180E-05
-.2317534863E-05
-.2217276678E-05
-.2130528193E-05
-.2047893111E-05
-.1968355473E-05
-.1880227960E-05
-.1788174556E-05
-.1692237804E-05
-.1605088062E-05
-.1524847674E-05
-.1458273068E-05
-.1392053750E-05
-.1323158894E-05
-.1240918301E-05
-.1151560390E-05
-.1058191301E-05
-.9713096653E-06
-.8994423221E-06
-.8443698898E-06
-.8023377979E-06
-.7692169913E-06
-.7412333242E-06
-.7166878559E-06
-.6985992242E-06
-.6817029255E-06
-.6675823764E-06
-.6486924049E-06
-.6243708506E-06
-.5894872441E-06
-.5454533050E-06
-.4887658878E-06
-.4266027190E-06
-.3566307820E-06
-.2789846752E-06
-.1940712824E-06
-.9402925460E-07
0.1472406097E-07
0.1388952768E-06
0.2757457756E-06
0.4249056556E-06
0.5788051347E-06
0.7415733347E-06
0.9002772615E-06
0.1071186731E-05
0.1247278787E-05
0.1444981211E-05
0.1653458863E-05
0.1883231556E-05
0.2120788422E-05
0.2373080007E-05
0.2622081203E-05
0.2876219175E-05
0.3133902190E-05
0.3397480681E-05
0.3670553204E-05
0.3951068045E-05
0.4227958061E-05
0.4503913886E-05
0.4775712172E-05
0.5043472110E-05
0.5312625080E-05
0.5574250716E-05
0.5837657255E-05
0.6089983937E-05
0.6329430877E-05
0.6556180432E-05
0.6767123989E-05
0.6966510912E-05
0.7167167454E-05
0.7366830955E-05
0.7573667374E-05
0.7782189729E-05
0.7995660464E-05
0.8211483880E-05
0.8423116448E-05
0.8638065936E-05
0.8846062907E-05
0.9054702411E-05
0.9257286639E-05
0.9462339656E-05
0.9663466409E-05
0.9857110678E-05
0.1004277214E-04
0.1021460460E-04
0.1036913699E-04
0.1051555554E-04
0.1064258646E-04
0.1076161092E-04
0.1086242500E-04
0.1095291048E-04
0.1103267875E-04
0.1109188270E-04
0.1114938417E-04
0.1119317216E-04
0.1124226075E-04
0.1128642231E-04
0.1133108153E-04
0.1136396887E-04
0.1138587127E-04
0.1140345800E-04
0.1141865618E-04
0.1144470497E-04
0.1147520421E-04
0.1153291135E-04
0.1158403732E-04
0.1166173406E-04
0.1171004399E-04
0.1178121332E-04
0.1180706759E-04
0.1186529020E-04
0.1187756058E-04
0.1192328524E-04
0.1192364125E-04
0.1195766278E-04
0.1195556615E-04
0.1197759561E-04
0.1197781585E-04
0.1198843547E-04
0.1198674189E-04

